-4	-3	-2	-1	0	1	2	3	4	V1	V2	V3	V4	V5	V6	V7	V8	V9
ENSGALG00000000004	0.296625883612753	0.509602641900661	0.317524266694728	0.444175929555504	0.439977706019041	0.364901419634549	0.103952457436139	0.798006491283761	0.446756484607483	0	0	0	0	0	0	0	0	0
ENSGALG00000000140	-2.56626845941249	-2.72052393030844	-2.78605630203969	-2.87029379155518	-1.94630439705039	-2.362841218863	-2.1951159153551	-2.3839538025133	-2.23313908967049	0	0	0	0	0	0	0	0	0
ENSGALG00000000151	0.204187164362426	0.413398280692781	0.255550561672834	0.364356503653853	0.710687329265719	0.435514562947744	0.597114850785202	-0.0885619697738704	-0.397123796065329	0	0	0	0	0	0	0	0	0
ENSGALG00000000171	-0.234138811367207	0.00298680047965583	-0.116149416202614	-0.318275855774268	-0.214024987209632	-0.221835471937547	-0.459117820467436	-0.344307495081997	-0.372408047327735	0	0	0	0	0	0	0	0	0
ENSGALG00000000189	0.592586405580221	0.697915275611215	0.658670899470277	0.744130160834953	0.712290148381188	0.582706301703083	0.785897186286241	0.81047003262769	0.600148842298212	0	0	0	0	0	0	0	0	0
ENSGALG00000000208	0.150348678113111	0.384018497175822	0.556356779150594	0.126382409320859	0.329675447748693	0.330859508883665	1.26586342800344	0.47323392808019	0.398736412115375	0	0	0	0	0	0	0	0	0
ENSGALG00000000215	0.657181521116261	0.769210379303672	0.636880201327449	0.624301303812274	0.652799011788828	0.38122859284465	0.557557703079157	0.742392832854244	0.728520453879285	0	0	0	0	0	0	0	0	0
ENSGALG00000000218	0.798672062637325	0.672854222020565	0.694225343891704	0.968494746327917	0.947622736634836	1.03921849076967	0.780318516278653	0.652824937370083	1.02983459624271	0	0	0	0	0	0	0	0	0
ENSGALG00000000220	0.432354291785321	0.44501245351819	0.54383576142404	0.545493554196394	0.353652862484044	0.591838705199462	0.707206094790395	0.437891674968823	0.509892503807372	0	0	0	0	0	0	0	0	0
ENSGALG00000000244	0.373341406330292	0.362579311685375	0.361078736303374	0.589771393839823	0.52511637895929	0.85869913483447	0.331477476531785	-0.00360703419474628	0.0618705762331637	0	0	0	0	0	0	0	0	0
ENSGALG00000000247	0.716950029117325	1.02764525815707	0.844960719998374	0.804453305781618	0.706831439694074	1.24699420962658	1.04290743352573	0.857555492257536	0.865653137502074	0	0	0	0	0	0	0	0	0
ENSGALG00000000253	0.320160448771801	0.432882703417223	0.241033379944549	0.304212684013004	0.406601159906561	0.342434152844964	0.19155017126401	0.376854366376541	0.314024787627831	0	0	0	0	0	0	0	0	0
ENSGALG00000000255	0.0638620715598268	0.265349169691839	0.0897931594925012	0.141025749267276	0.720231968908149	0.281822613351807	0.301008747332213	0.695149297762395	0.381844730765932	0	0	0	0	0	0	0	0	0
ENSGALG00000000264	0.265223956563088	0.265632664859872	0.301176394134598	0.605325460108705	0.520441509656499	0.563832518522475	0.466908523735667	0.80933220903016	0.391415102700333	0	0	0	0	0	0	0	0	0
ENSGALG00000000273	0.376699490993262	0.266038786595872	0.444788603341688	0.612703913406172	0.28617382049263	0.375837636780696	0.451734884408939	0.500214157670177	0.339118916824515	0	0	0	0	0	0	0	0	0
ENSGALG00000000276	0.0114448019222078	0.278609261871731	0.143969775157825	0.135480317732954	0.388005554181395	0.306044474063214	0.0610708232487838	0.486424198034405	0.600204799046262	0	0	0	0	0	0	0	0	0
ENSGALG00000000386	-6.68948202271488	-6.52854360148732	-6.53025370601285	-6.83608017195608	-6.48287031655529	-6.47746486081622	-6.80781496475233	-6.80341630700551	-7.33327116496412	0	0	0	0	0	0	0	0	0
ENSGALG00000000395	-5.09171731539165	-4.90969142487871	-4.36827719389406	-4.60058410954905	-4.14713925219417	-3.9625618794928	-4.80276626777712	-4.2245851013231	-4.2733144812476	0	0	0	0	0	0	0	0	0
ENSGALG00000000428	0.86012964901794	0.888302135616657	0.634482445370512	0.774046164446845	0.855199411684382	0.939262888706644	0.564442983418983	0.903657241830325	1.02432022445336	0	0	0	0	0	0	0	0	0
ENSGALG00000000629	0.271942014272444	0.16824808994385	0.207175541006199	0.218031816299568	0.2064932916196	0.202624850916801	0.0221294070713141	0.27559240594369	0.215745807217472	0	0	0	0	0	0	0	0	0
ENSGALG00000000719	-0.262707413466211	-0.102075314876382	-0.243492540086068	-0.0313039569314508	-0.25298653150767	-0.219489880558198	-0.31834672890604	-0.333102946656114	-0.0605185045344934	0	0	0	0	0	0	0	0	0
ENSGALG00000001035	-0.430222008277242	0.0484598334216182	-0.25259197373173	-0.329507061406306	-1.07247232524322	-1.0991078147092	-0.529954151485777	-1.46465519132236	-3.53564075741368	0	0	0	0	0	0	0	0	0
ENSGALG00000001046	-0.146601876946177	-0.160839811546937	-0.150191276290476	-0.176803224819825	-0.135492992524958	0.0280199179687823	0.0297700385560473	-0.280984025982977	-0.615958628179333	0	0	0	0	0	0	0	0	0
ENSGALG00000001219	-0.211277839905128	0.0385553789669029	-0.246309804937116	-0.209541335582852	-0.132034986965214	-0.386304835793562	-0.189511398316378	-0.435922653768667	-0.620869466902948	0	0	0	0	0	0	0	0	0
ENSGALG00000001426	0.567010262543966	0.53024148080126	0.519001771377139	0.618364044175808	0.511072909664707	-0.405791552173004	0.421383378255973	0.217549120486209	-0.12482983667873	0	0	0	0	0	0	0	0	0
ENSGALG00000001465	-0.312814254452991	-0.147365603608897	-0.258189932136592	-0.01873140714331	-0.195606938059459	-0.064658596099421	-0.34891711032124	-0.0832581453408849	0.00462819267154035	0	0	0	0	0	0	0	0	0
ENSGALG00000001668	0.615714206430035	0.597692334830538	0.496228807541216	0.464403398780433	0.527154181303708	0.722018511868749	0.606835261582821	0.456300331656131	0.43756210078625	0	0	0	0	0	0	0	0	0
ENSGALG00000001677	0.360347677830594	0.607238677080012	0.602881931221693	0.362137062224579	0.372505433335464	0.538414988721907	0.965142596573602	0.40451061725914	0.915335415592351	0	0	0	0	0	0	0	0	0
ENSGALG00000001732	0.450316298027754	0.516721703719588	0.80014563594654	0.129009420973305	0.475489003335953	0.0730442627832728	0.53877026486392	0.272489292347927	0.554999826438012	0	0	0	0	0	0	0	0	0
ENSGALG00000001745	0.0789843531619303	0.422868287223366	0.4591561180042	0.321541844168827	0.795983997349622	0.310603501520852	0.247720529746151	0.407501460822163	0.802176562642483	0	0	0	0	0	0	0	0	0
ENSGALG00000001756	-7.22177523315468	-7.31347069497428	-7.10200795239477	-7.49075203623212	-6.9742938470107	-7.16676203605508	-7.86430993061826	-6.89901477169839	-6.76989668002564	0	0	0	0	0	0	0	0	0
ENSGALG00000001763	0.785093158385706	0.711909480340134	0.657724422028015	0.835543440992729	0.692150198280844	0.592903895957185	0.608908395075969	0.218898253942151	0.680859253038965	0	0	0	0	0	0	0	0	0
ENSGALG00000001765	1.01716434623193	0.955023093647433	1.0223542848116	0.891847202253579	0.983141562703532	0.563905220012044	0.897175182665924	0.726003494765171	0.49588334093022	0	0	0	0	0	0	0	0	0
ENSGALG00000001782	0.952471247925806	0.874320039185442	0.845409396981974	0.864138520066847	0.790434329122568	0.787544969998287	0.668339099957677	0.757404298301898	0.660306304706459	0	0	0	0	0	0	0	0	0
ENSGALG00000001793	-0.0986421935454644	0.376576090070243	0.471178626591685	0.202476025745967	0.382030653736163	0.114475578523025	-0.285930478293291	0.100960680008103	-3.34923231548347	0	0	0	0	0	0	0	0	0
ENSGALG00000001801	0.704337157958559	0.435916337731438	0.254207828683278	0.761346114785766	0.571124511627072	0.91358089017523	0.57788006819269	0.496094597345607	0.192607879125323	0	0	0	0	0	0	0	0	0
ENSGALG00000001808	0.785981489751016	0.384293425216011	0.510701809793117	0.353471544196081	0.525319497491072	-0.254361764810263	0.951802619878857	0.685374757970502	0.993000318704787	0	0	0	0	0	0	0	0	0
ENSGALG00000001843	0.580897137606325	0.612629634945034	0.580510001552293	0.272225788306965	0.457410483567344	0.599038125154062	0.65644666765276	0.614175305080952	0.330823516274626	0	0	0	0	0	0	0	0	0
ENSGALG00000001851	0.835435104656751	0.633124757778109	0.49302648745154	0.16413255109064	0.296253290190666	0.274302724820126	-0.0644356655336366	-0.13762192897131	-0.216062663699536	0	0	0	0	0	0	0	0	0
ENSGALG00000001856	0.567059114110956	1.00869707722795	1.04715807995455	0.333137804463787	0.350922992120321	0.0920115139428948	0.835316783656447	0.930355862766108	0.966595784917732	0	0	0	0	0	0	0	0	0
ENSGALG00000001863	-1.91225278328492	-0.792711402734469	-0.104418792958741	-0.15803838057667	0.0696463843165094	0.0499321500034275	0.0164507460911695	-0.366807582543937	-8.46712262250704	0	0	0	0	0	0	0	0	0
ENSGALG00000001864	0.755116719355087	0.939259102347421	0.448752507713064	0.492016936977579	0.41928074235337	0.554685739628327	0.768025613911639	1.06168558904349	0.706516116041819	0	0	0	0	0	0	0	0	0
ENSGALG00000001947	0.794545812978793	0.955339289972727	0.780230882754742	0.96255507024633	0.815994341930821	1.10131377321958	0.833983892676981	0.668510207647626	0.662444884518917	0	0	0	0	0	0	0	0	0
ENSGALG00000001954	1.06773053891578	1.0233170043107	0.76114826776478	0.818446197001782	0.759702950272672	1.31748502079143	0.895186680310989	0.886142359017851	0.908500484151086	0	0	0	0	0	0	0	0	0
ENSGALG00000001986	0.926358581292799	0.880484935980758	0.848290231310889	0.598916505774946	0.903347975598034	0.764778176049489	0.475799023191065	0.427141452625383	0.805664132351675	0	0	0	0	0	0	0	0	0
ENSGALG00000002009	1.04604240223518	0.859383336066055	0.470818812909878	1.31298044369724	0.724895767915495	1.28721940242411	-0.336868031643329	0.830637245914689	0.0679746235247483	0	0	0	0	0	0	0	0	0
ENSGALG00000002022	0.78978197552878	0.847630886589474	0.725193806916433	0.95376053684093	0.683200018977577	0.680221478699685	1.0594181998753	0.499751962338739	0.809570487903024	0	0	0	0	0	0	0	0	0
ENSGALG00000002030	-0.1357552131449	-0.0673082034359123	0.0148178439912812	-0.263822905637637	-0.288968489590641	-0.206799008195157	-0.315894619135364	-0.258797277392386	-0.176194191773551	0	0	0	0	0	0	0	0	0
ENSGALG00000002069	0.193171055411544	0.509836441047698	0.455370188245166	0.197854499792317	0.843974609879082	-0.32057911575633	0.688599753138082	0.629102640656015	0.61000183974278	0	0	0	0	0	0	0	0	0
ENSGALG00000002087	0.104945546758318	0.273263247505517	0.292769223870596	0.29853588194168	0.16352939140703	0.392400604011776	0.254055919595412	0.393992070336829	0.386183997929591	0	0	0	0	0	0	0	0	0
ENSGALG00000002110	0.430167341456261	0.93830956051111	0.795280136294043	0.551554298651059	0.770266198279971	0.352877589713178	1.01913459541102	0.902552158227443	0.636736021288503	0	0	0	0	0	0	0	0	0
ENSGALG00000002142	0.853731471648495	0.817505987613874	1.12220884223497	0.517275283049512	0.307306422618705	0.142849965334097	0.737987273834801	0.462742034912566	1.28767424341287	0	0	0	0	0	0	0	0	0
ENSGALG00000002162	0.519415511622448	0.283952592262025	0.507722710180243	0.202396313964476	0.314518243800237	-0.0884971399773899	0.722522258053573	0.763632466191458	0.617443976675702	0	0	0	0	0	0	0	0	0
ENSGALG00000002187	1.1344599764244	0.68278500373791	0.980541803205726	0.840748125601618	1.07681677947539	0.674038633279997	0.784398549882802	0.936215462980707	1.18928025391141	0	0	0	0	0	0	0	0	0
ENSGALG00000002227	0.565509705270803	0.466766385248363	0.736048701165508	0.506428407080735	0.429483689708423	0.540356493056473	0.589721157628946	0.682180801784333	0.837276547964013	0	0	0	0	0	0	0	0	0
ENSGALG00000002250	0.660873594097404	1.24479629135194	0.616587163390971	0.734644596274753	0.717172708398943	0.88157244154349	0.458890050348954	0.969198472879191	0.569644650734914	0	0	0	0	0	0	0	0	0
ENSGALG00000002266	-1.57475407355474	-0.617651498681341	-0.270852971214609	-0.207385815368919	-0.88239589199036	0.0837106217813783	-0.562401895698811	0.203727792220587	-0.415939842731066	0	0	0	0	0	0	0	0	0
ENSGALG00000002308	0.579756020544305	0.99497009798495	0.127525336818517	0.561678055971369	0.754475571269071	0.35485448263604	0.231947966822672	0.463222373703342	0.507814487033538	0	0	0	0	0	0	0	0	0
ENSGALG00000002317	0.130040003796465	-0.0746746508507954	0.0363483765760098	-0.234893430359291	0.0448429465394309	-0.750824755279446	-0.193922655545235	-0.339253464043999	-0.327766458101912	0	0	0	0	0	0	0	0	0
ENSGALG00000002326	0.43366842614406	0.258358717085377	0.589465932514745	0.304488434969226	0.391083751917657	0.301745689345367	0.492974543810495	0.307223162216584	0.34515036069519	0	0	0	0	0	0	0	0	0
ENSGALG00000002341	0.510926297869364	0.343782200972419	0.0884921348598828	0.0551994519903012	0.290717258129098	0.160084034606507	0.17134278030204	0.409253048327183	0.368837375968039	0	0	0	0	0	0	0	0	0
ENSGALG00000002345	0.298185198247568	0.552828461499771	0.326702991587474	0.431231400852742	0.522575504046688	-0.0510584806737304	0.734500638978772	0.373284627532338	0.469184513635082	0	0	0	0	0	0	0	0	0
ENSGALG00000002394	0.995530028500757	0.949822603747342	0.725311888040002	1.01551029293693	0.728534036814432	0.588333435479962	0.926611172905579	0.783763343589474	0.91867821983595	0	0	0	0	0	0	0	0	0
ENSGALG00000002399	0.069799254303371	0.181624757454792	0.0765724814638196	0.241574678351748	0.120460942657737	0.427841743218282	0.638382509037056	0.41027173102748	0.0907058845806112	0	0	0	0	0	0	0	0	0
ENSGALG00000002419	0.485995822452126	0.898209348852469	0.902742835662787	0.492529608934937	0.455175437614079	1.20224870419741	-0.000162656304730557	0.677669304567927	0.573510526259469	0	0	0	0	0	0	0	0	0
ENSGALG00000002431	-0.07271938408923	-1.21834788398174	-0.570184876741061	-1.12617808425822	-0.00432593202124565	-1.14812479999461	-0.202267705198999	0.129196367172963	-0.26699216361407	0	0	0	0	0	0	0	0	0
ENSGALG00000002523	0.517089442275217	0.386037969784374	0.20589539860819	0.167852248347308	0.440632726810739	-0.224635056745281	0.749002416624744	0.0742666043065174	0.467513602640962	0	0	0	0	0	0	0	0	0
ENSGALG00000002599	0.160616875327026	1.10443333183872	1.05459475115222	0.762116870825666	0.480069609935083	0.806242643322463	0.622303674866752	0.364398819317428	0.401910899614032	0	0	0	0	0	0	0	0	0
ENSGALG00000002605	1.01386609916541	1.50171495624701	1.05350273681697	0.841446049052305	1.15027719905248	0.825301920348103	1.05497682030232	0.826183772687257	0.745251227235683	0	0	0	0	0	0	0	0	0
ENSGALG00000002696	0.93677956134897	0.982355565999509	0.604397658027128	0.715408421655741	0.831453575265233	1.17674161025315	0.64882775745027	0.77166534439829	0.679971868087396	0	0	0	0	0	0	0	0	0
ENSGALG00000002729	0.0425891782492931	0.0700655151593246	-0.0313320781825297	0.295887857511937	-0.133215070389678	0.311618610243976	0.744406495971523	0.157587189318249	2.59497360347023	0	0	0	0	0	0	0	0	0
ENSGALG00000002777	0.996813225446971	0.923164063565268	1.0283334009584	0.802339607048964	0.804082587997037	0.358031296411029	0.285952973424921	0.856432135235284	0.828153236086905	0	0	0	0	0	0	0	0	0
ENSGALG00000002805	0.441026957860968	0.398521348648657	0.468781026380078	0.354559704040385	0.348879522027651	0.346960094567994	0.321636474067493	0.37840724062506	0.619988955339217	0	0	0	0	0	0	0	0	0
ENSGALG00000002817	0.126998205347014	0	0	0.0810470078917323	0.0635484430139337	0.169483604088473	0.429500965333809	0.313397214805857	0.406020396741358	0	0	0	0	0	0	0	0	0
ENSGALG00000002852	0.837404590535815	0.83837230408156	0.7156077780745	0.750189020539976	0.962001457865748	0.909214005437423	0.783158540146871	0.843409141981275	0.655390692812798	0	0	0	0	0	0	0	0	0
ENSGALG00000002854	0.0176944049003165	0.296967552912515	0.944263899478352	0.681213390355489	0.574406554976412	0.186066912248699	0.361838274462421	0.335466963792685	0.568802954539696	0	0	0	0	0	0	0	0	0
ENSGALG00000002872	0.205092444421015	0.527286608342074	0.495513666378522	0.715423706688346	0.382331670650041	0.26990514115413	0.339252020069168	0.457140156411136	0.555493517846185	0	0	0	0	0	0	0	0	0
ENSGALG00000002917	0.251843951467478	0.107058988422815	0.277103309416961	0.0749799619154041	0.716379296856126	0.474262276301994	0.566071019222475	0.671603802221735	0.285773599042629	0	0	0	0	0	0	0	0	0
ENSGALG00000002948	0.300025389726686	0.402333955757753	0.436410040391796	0.445951301007327	0.540724448796206	0.927184201729448	0.377846098728786	0.255690858110687	0.470256033004249	0	0	0	0	0	0	0	0	0
ENSGALG00000003019	0.691013851844855	0.576398753619128	0.621864602102159	0.134576879442034	0.540356048688394	0.499121113149702	0.501454201197477	0.778076182766014	0.618654105988028	0	0	0	0	0	0	0	0	0
ENSGALG00000003087	0.111215412564599	-0.00780417690389257	0.12801987201571	0.150464535699548	0.186248570917484	0.340382939395576	0.351262302161411	0.293902345738117	0.413369976921088	0	0	0	0	0	0	0	0	0
ENSGALG00000003157	-0.50375139757685	-0.452337790446579	0.291544188922641	-0.0894047125997462	-0.0538361523282863	0.0282217555031072	-0.206131914277256	-0.11028631883858	-3.19117549540722	0	0	0	0	0	0	0	0	0
ENSGALG00000003235	0.419378647059874	0.659042175363383	0.451489856473982	0.413423207145158	0.468601625115149	0.604668238909785	0.481075169097069	0.681353234533308	0.418193701998156	0	0	0	0	0	0	0	0	0
ENSGALG00000003248	0.427015335284685	0.252438008920552	0.149648985414285	0.274587457417593	0.211027899725284	0.388027181082583	0.0647021546812612	0.341388601197947	0.249636933988998	0	0	0	0	0	0	0	0	0
ENSGALG00000003288	1.01968322552298	0.761897033697317	0.658123412647399	1.10123312989531	0.884042249128402	1.25956736098023	0.800152098477349	0.545454022837109	0.872432458834019	0	0	0	0	0	0	0	0	0
ENSGALG00000003295	0.785432770164783	0.564715390304473	0.573126675192119	0.658740588411591	0.672489987244514	0.446582181393085	0.532912120249485	0.680956310941217	0.0899219472542963	0	0	0	0	0	0	0	0	0
ENSGALG00000003308	-0.094559546299041	-0.0750591007823651	-0.274423327301206	-0.129704029699328	-0.259245166362415	-0.196091531339638	-0.0943229008776711	-0.0548018005402646	-0.209773897151893	0	0	0	0	0	0	0	0	0
ENSGALG00000003311	-0.273059116500706	0.364221117055678	-0.247398124943207	-0.182931254493523	0.516817231513044	0.447036205709895	0.123836991665753	1.10715449759147	1.18011825510917	0	0	0	0	0	0	0	0	0
ENSGALG00000003326	2.1489613643069	-0.514019602404507	0.268214109875923	1.00638570397066	0.640161603411482	0.558156048136662	0.264214803440091	1.21320714018479	0.715829048177082	0	0	0	0	0	0	0	0	0
ENSGALG00000003353	0.00165256550699588	0.152941646334764	0.130194048774912	0.466661656234066	0.441122090512252	0.0942793623207026	0.124184748586955	0.561793760303815	0.570736796344806	0	0	0	0	0	0	0	0	0
ENSGALG00000003365	0.570102150535307	0.958685112565361	0.821168558605698	0.8713300358508	0.963133749579324	1.17654352207546	0.718384676003694	0.838766640005649	0.752995042546425	0	0	0	0	0	0	0	0	0
ENSGALG00000003373	0.690459682417384	0.929652299681241	0.873096848652622	0.682645643789792	0.662712946803254	1.28438473079937	0.821838192093844	0.725024100736725	1.02255916354934	0	0	0	0	0	0	0	0	0
ENSGALG00000003387	0.273233237776939	0.219745607489068	0.474035901919935	0.0121304026327849	0.247739045055548	0.26613407885846	0.57431581021287	0.224213474162684	0.369733037677607	0	0	0	0	0	0	0	0	0
ENSGALG00000003456	-0.0573458736211955	-1.63170123305163	-1.23399882321416	0.0810470078917323	-0.11738459534222	-0.054812572348552	-0.0371125047090349	-0.152269342332042	-0.0987279782473628	0	0	0	0	0	0	0	0	0
ENSGALG00000003495	-0.110345025803273	0.245341295062612	0.0658548987589018	-0.538631046046962	0.185501245262016	-0.566524766260963	-0.752934207336363	-0.302719127532251	-0.478332465644622	0	0	0	0	0	0	0	0	0
ENSGALG00000003605	0.658408182816649	0.879547711877513	0.819277967966135	0.651521354285836	0.655793776376004	0.831383509359874	0.693053271790056	0.780187567238636	0.945268260944726	0	0	0	0	0	0	0	0	0
ENSGALG00000003631	0.733035005879634	0.690182888161402	0.571596988390043	0.74524039350738	0.532768152681585	0.730257691186139	0.823200070201608	0.929119291071099	0.894482689081819	0	0	0	0	0	0	0	0	0
ENSGALG00000003688	0.809034717374004	0.798727513338164	0.638592496724667	0.611520583024432	0.694190037739571	1.05423468149877	0.623445703150261	0.57440458924504	0.593281303157024	0	0	0	0	0	0	0	0	0
ENSGALG00000003708	0.653952255263489	0.839876201457038	0.947554331409618	0.546926066039984	0.943141709852345	0.714604647089925	0.596686629475907	0.785432758763124	0.524995474252568	0	0	0	0	0	0	0	0	0
ENSGALG00000003747	-0.132277173535922	0.0630984746870435	0.287947145943891	0.50978536285337	0.653447789135704	0.353019355620638	0.266676393114145	0.805558118204738	0.827562813184869	0	0	0	0	0	0	0	0	0
ENSGALG00000003775	0.417350718913309	0.376586902036125	0.569212360135024	0.704030973712769	0.393864662388276	0.874771492036658	0.657619633069402	0.598577467680424	0.475172464566959	0	0	0	0	0	0	0	0	0
ENSGALG00000003803	0.0274408602140896	0.281168839029075	0.351991541729636	0.330824725718813	0.623433965910347	-0.334573681509894	0.593420036046773	0.898619673172431	0.811586527286629	0	0	0	0	0	0	0	0	0
ENSGALG00000004158	0.262246042336287	-0.228523825987276	0.264896558398981	0.343230776512844	0.0611001074109936	0.540745964779303	1.50955246722181	1.09685411603123	2.39769335108824	0	0	0	0	0	0	0	0	0
ENSGALG00000004311	0.400423267771647	0.153812965236392	0.50582114482887	0.592609822897579	0.375635886392942	0.824726262073712	0.487939802752446	0.520980542354883	-0.0630762414410651	0	0	0	0	0	0	0	0	0
ENSGALG00000004350	0.582352621967974	0.77999333630172	0.713235375513761	0.692717065757859	0.413194997219763	0.860217811680745	0.790441095584055	0.490077159950295	0.758641787170005	0	0	0	0	0	0	0	0	0
ENSGALG00000004353	0.905420222472313	0.303096673509732	0.962800236232624	1.16464295033106	0.888137128129552	1.10018248484914	0.0462063308445577	0.394465179191589	0.0108508146369495	0	0	0	0	0	0	0	0	0
ENSGALG00000004390	0.589348150995839	0.46301448683199	0.768659313566358	0.688795582435093	0.746735913095478	0.376220501942002	0.333812034804596	0.816878131473358	0.603102015626297	0	0	0	0	0	0	0	0	0
ENSGALG00000004425	0.558825182447567	0.342388117835126	0.399397856579735	0.374201426794542	0.485038038503331	0.496269172694435	0.766616531370091	0.602009311587564	0.576842502718736	0	0	0	0	0	0	0	0	0
ENSGALG00000004437	0.115739622736763	0.524020311324074	0.645998828043189	0.919472940596101	0.145060402738504	0.454459271351156	0.326913301830363	0.499922271373026	0.684966364102792	0	0	0	0	0	0	0	0	0
ENSGALG00000004438	1.31135078792323	-0.0346089955214062	0.166079828680967	0.894364720939213	0.837863187355145	0.277926376183695	0.213223116288452	0.944151927247806	0.75778596885351	0	0	0	0	0	0	0	0	0
ENSGALG00000004449	1.01772932877673	1.54167010748795	0.213719059219807	1.84532523724894	0.678028008675838	-0.114690567897684	1.04890644897467	-0.252087070033799	1.06263296382313	0	0	0	0	0	0	0	0	0
ENSGALG00000004509	-0.147784453656195	-0.334333253763727	-0.33426428744936	-0.193595975260495	-0.236150721055083	-0.616281566389286	-0.83872621194306	-0.678974064884816	-0.218801445627266	0	0	0	0	0	0	0	0	0
ENSGALG00000004823	-0.153283888601189	-0.0686176797048024	-0.177335969078979	-0.250184561147292	-0.500511778865201	-0.131565976549575	0.0544245864396542	-0.108944858605347	-0.432907070062146	0	0	0	0	0	0	0	0	0
ENSGALG00000004825	0.075571359661863	0.00667736368866834	-0.085580388328756	-0.425235656074431	-0.271533798737676	-0.468974921403088	-0.233265666436812	-0.237446721190327	-0.220273623609744	0	0	0	0	0	0	0	0	0
ENSGALG00000004952	-0.261222460776118	-0.182620390910175	-0.26176287798878	-0.1228834040681	-0.20929190505707	-0.080480302804828	-0.274832220541757	-0.25863974287504	-0.0425867391168708	0	0	0	0	0	0	0	0	0
ENSGALG00000005016	0.869339931910607	0.306395422452491	0.518730676507997	0.963431889923237	0.83773477749564	0.507745676661785	0.50367415267978	0.20123646537421	-0.0747700852118562	0	0	0	0	0	0	0	0	0
ENSGALG00000005043	0.36741693912825	0.633611142786879	0.279070565669428	0.286300603225005	0.732285577691479	2.32665376855692	1.5557086454517	0.42996211233652	1.14958389408758	0	0	0	0	0	0	0	0	0
ENSGALG00000005056	-0.0503514862613104	0.129729752141925	-0.449294633524794	-0.273485668134078	0.16695384753419	-0.471195786105954	0.142307312782032	-0.203456993619411	-2.08340927664568	0	0	0	0	0	0	0	0	0
ENSGALG00000005084	-0.2789132606316	-0.317585571775076	-0.414092450593976	-0.255461784809509	-0.130387666648292	-0.333577180682227	-0.0665633631269511	-0.148490385140821	-0.339903561218742	0	0	0	0	0	0	0	0	0
ENSGALG00000005092	-0.055066620302795	-0.291155104928412	-0.125248508843144	-0.249412383513394	-0.133848605984292	-0.247318115819107	-0.236750289409088	-0.50587388303428	-0.081820914166487	0	0	0	0	0	0	0	0	0
ENSGALG00000005316	0.801830840786628	0.864532485338986	0.890155492285418	0.792123418875962	0.727738689803928	1.21768035736758	1.01106799505996	0.74001707572407	0.900790372488573	0	0	0	0	0	0	0	0	0
ENSGALG00000005330	0.641305600508423	0.660567085444212	0.919449046837268	0.946016111978497	0.587139697386983	0.104107532117952	0.371473776462218	0.714654977876095	0.355044924953648	0	0	0	0	0	0	0	0	0
ENSGALG00000005337	0.448650742142049	0.254548350584771	0.498458053664214	0.67552754955128	0.687220448755768	0.531813052136012	0.629905855112537	0.831476185219651	0.683520304583567	0	0	0	0	0	0	0	0	0
ENSGALG00000005346	0.809778256495978	1.07200576115432	0.561607693003058	0.761738010453274	0.965826286737528	0.634878080030717	0.032632500180438	0.699902606275715	0.305152568020307	0	0	0	0	0	0	0	0	0
ENSGALG00000005353	-0.467076532271278	-0.013662369910409	0.543988171735162	0.427797428562596	-0.155480297654264	-0.105443017371521	-0.101191778142471	-0.58351235255347	-1.33342104610165	0	0	0	0	0	0	0	0	0
ENSGALG00000005354	0.733288915767172	0.67709064155072	0.556963033957176	0.569991003245661	0.683853411439989	0.725034262827727	0.864200199443588	0.862169995589272	0.891240041272499	0	0	0	0	0	0	0	0	0
ENSGALG00000005368	0.766314278454413	0.684201455064938	0.63231487827006	0.580559315810969	0.437583623608553	0.826818666841363	0.467424982373336	0.616200518033931	0.466602794205955	0	0	0	0	0	0	0	0	0
ENSGALG00000005378	-0.24718100025763	-0.189660449332433	0.0363282370869715	0.0981795942632875	-0.696961877896506	-0.494688872007804	-0.545291214048318	-0.873296352496039	-2.1100088360196	0	0	0	0	0	0	0	0	0
ENSGALG00000005390	0.877480624569131	0.90658731263028	0.461112336891384	0.360366932808406	0.705951289448151	0.404647584097498	0.445582132354066	0.595451918263437	0.650363147188522	0	0	0	0	0	0	0	0	0
ENSGALG00000005395	0.649234303763578	0.843667338898331	0.792776594836208	0.632538621277646	0.538390512757481	0.916840166311886	1.18584243889541	0.562364471352348	0.84955348558597	0	0	0	0	0	0	0	0	0
ENSGALG00000005417	-0.501047954576293	-0.123538471488598	-0.0155384569997246	-0.416639478115949	-0.134524095958067	-0.0864442837419235	-0.433342600472735	-0.19422176333328	-0.355653196527102	0	0	0	0	0	0	0	0	0
ENSGALG00000005423	1.34140849689223	1.22156080928224	1.07464766194275	1.06481341813592	1.04303129618868	0.60874030687003	0.903913668154065	1.15254607747146	1.07041558074737	0	0	0	0	0	0	0	0	0
ENSGALG00000005426	0.543056664421053	0.268013071681854	0.525297822414077	0.444487217276961	0.696407754777766	0.570677657338504	0.434697345932907	0.4518258081224	0.718250378217669	0	0	0	0	0	0	0	0	0
ENSGALG00000005433	0.607693970385386	0.665035210278758	0.342878875944766	0.60140052992778	0.28103267278994	1.05452684178541	1.10762922757559	0.382100118189232	0.762653380640686	0	0	0	0	0	0	0	0	0
ENSGALG00000005583	0.164832421933413	0.439988007565034	0.486785993470447	0.508329399521561	-0.023059669335562	0.00871325963001368	0.0466365337765424	0.319007163934683	0.313444212099116	0	0	0	0	0	0	0	0	0
ENSGALG00000005704	0.412518777122049	0.141086282306329	0.24456404935983	0.253473447104174	0.0505313144212263	0.291953638962005	-0.186556422327932	0.0984117574105605	0.448197501880895	0	0	0	0	0	0	0	0	0
ENSGALG00000005728	-0.172846699670288	0.355172014493056	0.188681498742947	0.303642718901097	0.423087783231699	-0.293025994234504	0.827332566900001	0.41806951545052	0.0708327474858084	0	0	0	0	0	0	0	0	0
ENSGALG00000005785	-5.22943270198767	-5.15989662783587	-5.09575532147962	-4.99472455182279	-4.68427159312345	-5.27672652804488	-4.5154203028971	-4.73572827971691	-5.17099086763147	0	0	0	0	0	0	0	0	0
ENSGALG00000005821	0.662614058197696	0.863639713570971	0.818527814218582	0.552231866776932	0.692529137539464	0.303912925379159	0.612151464666299	0.748127854837387	0.649778326127746	0	0	0	0	0	0	0	0	0
ENSGALG00000006319	-0.118575086932049	0.162643269136019	0.0787216798570016	0.382028541375835	0.647890798374052	-0.208325171628909	0.486818628990099	0.55710460837582	-0.0149116398423637	0	0	0	0	0	0	0	0	0
ENSGALG00000006560	-0.050682189926007	0.0889342998145835	0.148541120135349	0.302625871146573	0.342929715291928	0.173262256110545	0.289309421642561	0.46972309216245	-0.0970684460554572	0	0	0	0	0	0	0	0	0
ENSGALG00000006562	-0.353893125139438	-0.138087820613126	0.192806976668765	-0.700207373447723	-0.652133063233993	-0.663887055505755	-0.241093860920728	-0.242173869459655	-0.46109631128543	0	0	0	0	0	0	0	0	0
ENSGALG00000006832	0.267303870497355	-0.152981217640325	0.00949376111542122	-0.600086957784186	0.00576870425441323	-0.453993700603287	-0.589211780682151	-0.330590074742911	-4.68426244622407	0	0	0	0	0	0	0	0	0
ENSGALG00000006917	-0.232694237831179	0.15430115406293	-0.439163897107244	-0.0494070740283119	0.0849303920108353	-0.0131277656879387	-1.13421040324538	-0.948116800223572	-1.75548773386745	0	0	0	0	0	0	0	0	0
ENSGALG00000006978	-0.0207638385636857	-0.0598144649248287	0.000857345936951859	-0.0367399371416388	-0.173945325927406	-0.0992334866546702	-0.557264990946345	-0.153640474938351	-0.474995553386791	0	0	0	0	0	0	0	0	0
ENSGALG00000007579	-0.27352703245395	0.192317105063373	0.744063643530322	0.136101918548586	0.396089670510899	1.44655003007186	0.412038710878664	0.0981598743851269	0.562341129914242	0	0	0	0	0	0	0	0	0
ENSGALG00000007610	-0.182099614633358	-0.00102846330501905	-0.22590772861205	-0.0467452567391184	-0.281234601564067	-0.120916975399128	0.00809974457738072	-0.0159411619622905	-0.425380334868084	0	0	0	0	0	0	0	0	0
ENSGALG00000008174	0.582911214135644	0.883486425594824	0.70503247423919	0.682918146101396	0.644573456074794	0.694746372036868	0.592324516955575	0.834060193978427	0.526055831255607	0	0	0	0	0	0	0	0	0
ENSGALG00000008204	0.415068958173962	0.89642932008205	0.833004619910723	0.39937314981843	0.514561968825116	0.50366571472196	0.559553406717841	0.724697486790038	0.841531919552757	0	0	0	0	0	0	0	0	0
ENSGALG00000008229	1.21768031684131	1.05189242894532	0.9828077427085	0.916256419927377	0.933483786861501	0.421854141859406	0.889320647695996	0.86366272593839	1.02916091801105	0	0	0	0	0	0	0	0	0
ENSGALG00000008237	0.318261164048743	0.668234813695452	0.327004078186804	0.61188662674935	0.613341854612446	0.209934341224426	0.592016776111709	0.861455100713096	0.508423673073715	0	0	0	0	0	0	0	0	0
ENSGALG00000008266	-0.725242421301949	-0.191567084603216	-0.26171697432758	-0.0592299920365278	0.102167032742209	-0.769723506425939	1.86155069174386	0.510603585463725	1.34362391167335	0	0	0	0	0	0	0	0	0
ENSGALG00000008608	-0.627317595394125	-0.352749068128841	-0.266591990200244	-0.441913874803051	-0.540795503399311	-0.563703575405476	0.0636442700943896	-0.403710822374872	-0.393648806946011	0	0	0	0	0	0	0	0	0
ENSGALG00000008763	0.098458612666291	0.333295799249652	-0.196943557822793	-0.206827585931978	-0.11063834662159	0.0410438219266622	-0.433371184056296	-0.0704841565255654	-2.50135658708086	0	0	0	0	0	0	0	0	0
ENSGALG00000008870	-0.21093882320347	-0.139032346514981	-0.188109410820215	-0.160530914276721	-0.104762556740784	-0.193666512225525	-0.501966107986414	-0.128273878011839	0.0204179589528017	0	0	0	0	0	0	0	0	0
ENSGALG00000008887	0.325484668527049	0.783550634872638	0.689350856124996	0.375291111951904	0.878940081277699	0.429634153175245	0.418220627194214	0.570673740873731	0.747148848973284	0	0	0	0	0	0	0	0	0
ENSGALG00000009047	-0.0536748948130992	-0.0537670811401512	-0.0971275873871713	-0.338257577509371	0.100949510618004	-0.696814383463593	-0.34807635731805	0.0584164918248389	-0.522815233222384	0	0	0	0	0	0	0	0	0
ENSGALG00000009227	-3.11599520996099	-2.91178738593077	-2.71115375600997	-2.57926901715072	-2.6517648822085	-2.95852717204677	-2.56014612400713	-2.46827466752381	-2.92029364623007	0	0	0	0	0	0	0	0	0
ENSGALG00000009712	0.0705977876516384	-0.201707678623735	-0.149505351079089	-0.38006032593021	-0.103821416374486	-0.152620066557388	-0.371142797175009	-0.241902023311876	-0.397001763933993	0	0	0	0	0	0	0	0	0
ENSGALG00000009885	-0.194542877147323	-0.378037415436784	-0.18198038778223	-0.101861519679582	-0.253908866868376	-0.636187919996952	0.0296820502380228	-0.231560736244319	0.0336899731541092	0	0	0	0	0	0	0	0	0
ENSGALG00000010147	0.63012468472301	0.510952710747026	0.371148629082989	0.700979561074346	0.756022876691619	0.842053814586751	0.531288182371021	0.567117100653341	0.7158390904056	0	0	0	0	0	0	0	0	0
ENSGALG00000010166	-1.00001576634036	-0.930870293366593	-1.41538251976593	-0.722881166485026	-0.331566068951897	-1.0246360142738	-0.0585294888279195	0.277004476403559	-1.02620338785217	0	0	0	0	0	0	0	0	0
ENSGALG00000010178	0.106417096069801	0.277079702331208	0.192221477357881	0.231514522932281	0.434036435277258	0.929072031130874	0.466501422699345	0.516692988244429	0.449764612363415	0	0	0	0	0	0	0	0	0
ENSGALG00000010187	-0.460848766076014	-0.88518963435722	-0.834119185378237	-1.39197288259849	-1.2894867815451	-1.88751430140184	-1.48257896590365	-1.04936164415552	-1.42078300489106	0	0	0	0	0	0	0	0	0
ENSGALG00000010694	0.525001076166005	0.419965821931496	0.570699929020218	0.453865356219506	0.402780793470084	0.683656236282932	0.33037367488904	0.728295492139701	0.34694486912178	0	0	0	0	0	0	0	0	0
ENSGALG00000010896	0.277504002673851	0.650427812637967	0.533719588215713	0.53492724713611	0.380739957739878	0.530556034728317	0.750863924878504	0.318441120187266	0.737609281398296	0	0	0	0	0	0	0	0	0
ENSGALG00000011003	0.469469097242452	1.05145206533799	0.372623080391046	-0.397284616516376	-0.104361693610944	0.553770802582045	0.922284221406127	0.340629731339487	2.58196211540205	0	0	0	0	0	0	0	0	0
ENSGALG00000011227	-0.649173023834977	-0.548759535096862	0.360943595366732	-0.31604301394692	-0.0889939528298038	-0.112546760823116	-0.286861569159735	-0.0220651637062259	-0.463750996282998	0	0	0	0	0	0	0	0	0
ENSGALG00000011286	-0.383156900592449	-0.0528804147988318	-0.373459140167395	-0.143664286388636	-0.0972768329870721	-0.119665262639422	-0.328582436969448	-0.243319033269477	-0.101762108687403	0	0	0	0	0	0	0	0	0
ENSGALG00000011433	-0.321445503508448	-0.0322317132208164	-0.0930706946029225	-0.0433318489395673	-1.15545939972398	-0.318197663576387	-0.430053845196181	-0.19910022078982	0.0895786115694972	0	0	0	0	0	0	0	0	0
ENSGALG00000011494	-0.224345504159777	-0.224025657204768	0.0517273377654242	-0.308497378518863	-0.389463097877773	-0.349433621860623	0.167493157942261	-0.154421001532953	-0.360465478355104	0	0	0	0	0	0	0	0	0
ENSGALG00000011646	0.0681966676910138	-0.243639122469717	-0.322904405290063	-0.0298784671207085	0.17743827298907	-0.247755817705876	-0.841051608711462	-0.537038755986123	-1.05387877606968	0	0	0	0	0	0	0	0	0
ENSGALG00000011724	0.0175236451600043	-0.0630017354428496	0.0177987998260054	-0.139330038077413	-0.0741844232219808	-0.347428320016999	-0.0455827034031762	-0.112730825398991	-0.469890314258945	0	0	0	0	0	0	0	0	0
ENSGALG00000011842	0.224010907516242	0.222697984610237	0.107098923715669	0.320303781375007	0.207749549270369	0.787240104949531	0.121935807407448	0.0829390360269233	0.09246513039386	0	0	0	0	0	0	0	0	0
ENSGALG00000012250	-0.153532774992055	-0.197613244695345	0.123445448986043	-0.748632072256601	-0.0657284353533072	-1.02607132666239	-0.47725896846802	-0.259346907036912	-0.423102737827005	0	0	0	0	0	0	0	0	0
ENSGALG00000012350	0.523212959862359	0.276823466017286	0.265615831414398	0.529333032643573	0.605130670022779	0.445396979065452	0.481499106793046	0.391848591935252	0.448916184996365	0	0	0	0	0	0	0	0	0
ENSGALG00000012541	-0.184291605994861	-0.660285076566225	0.0376501592410594	-0.00422010968608545	-0.061077411312884	-0.054812572348552	-0.0147791224366508	-0.000552116966378496	-3.16991829478244	0	0	0	0	0	0	0	0	0
ENSGALG00000012583	0.474346484046615	0.337519127563706	0.455438788237227	0.542499869137541	0.707962033705982	0.824165586197946	0.746182209226566	0.698559002902019	0.533271793637566	0	0	0	0	0	0	0	0	0
ENSGALG00000012585	0.698390990333266	0.598073834128893	0.456661212931174	0.418566116937127	0.456785555778193	0.507131455302724	0.839004726708023	0.649577758053324	0.609213659542236	0	0	0	0	0	0	0	0	0
ENSGALG00000012586	0.525790017633859	0.0215227290698223	0.787337981526942	0.472734440110678	0.136051513104016	0.589802824470864	0.771335856944679	0.639752377283227	0.537436453227263	0	0	0	0	0	0	0	0	0
ENSGALG00000012589	0.586497972809461	0.596930813090439	0.473016781659723	0.675088327296315	0.810108050045955	0.807794614442736	0.344431062096882	0.72842753199078	0.4159837728023	0	0	0	0	0	0	0	0	0
ENSGALG00000012591	0.655570213479575	0.575765270262332	0.625495385741781	0.557947842494086	0.198373772190779	0.726961413091405	0.0784088336939215	0.169199050287292	0.597462213177685	0	0	0	0	0	0	0	0	0
ENSGALG00000012592	0.778911755544383	0.967897414939422	0.633285826199408	0.723197141329141	0.775976944785571	1.0683455137151	0.178682805820399	0.816246554986562	1.00948264486442	0	0	0	0	0	0	0	0	0
ENSGALG00000012598	0.512210441450537	0.794389542237072	0.625096769698324	0.691747321717305	0.643743812647354	0.716194853732106	0.76621130183516	0.688657488953127	0.641372316914993	0	0	0	0	0	0	0	0	0
ENSGALG00000012606	0.164594934356714	0.349388415786158	0.141088077030593	0.372287353513837	0.493204886526886	0.0344632172109884	0.245899918968757	0.566933570501779	0.370123263971155	0	0	0	0	0	0	0	0	0
ENSGALG00000012607	0.420180333122213	0.345372160325879	0.697983178422072	0.443438854638319	0.393262715664084	0.568525633074415	0.523637899988068	0.582389455135814	0.419155920514195	0	0	0	0	0	0	0	0	0
ENSGALG00000012612	1.40161556876614	0.923492286941336	0.893466007384637	1.70310542402699	0.247826610688342	1.12293909796715	0.0896038868767461	0.579867181585626	0.80726591824261	0	0	0	0	0	0	0	0	0
ENSGALG00000012615	0.911182301506289	0.0120495687472024	0.575855709664076	0.403869358516156	0.323898814341153	0.981106418243549	0.0719532369138975	0.833106887234022	0.441351149359559	0	0	0	0	0	0	0	0	0
ENSGALG00000012618	0.596391692594991	0.810681465722785	1.11738766428257	0.540825744147974	0.596221855280902	1.10597817018426	-0.602451227914119	0.393431453266797	0.185440357440314	0	0	0	0	0	0	0	0	0
ENSGALG00000012621	0.783908128273969	0.613462214480523	0.681427889220521	0.904642625247551	0.470196358701195	0.762241779597956	0.858618278051117	0.90677349539159	0.626757655108657	0	0	0	0	0	0	0	0	0
ENSGALG00000012628	-1.7584743352164	-0.728376054335299	-0.57890614212164	-0.313586649238406	-0.246332242121084	-0.525787510135195	0.486475620304967	0.298715982808312	0.222565682665364	0	0	0	0	0	0	0	0	0
ENSGALG00000012635	-0.718926722059442	0.527642244244095	-0.122219216688787	0.651208188755916	-1.57479542234222	-0.0411952088121088	-0.323273310461426	-0.602450115340018	-1.83036058732704	0	0	0	0	0	0	0	0	0
ENSGALG00000012638	0.193147822176803	-0.263435925031464	-0.403598698109099	-0.0824052289930446	-0.119944161495434	-0.445065439854595	-0.0790134351615146	-0.127292711907899	-0.569735814847378	0	0	0	0	0	0	0	0	0
ENSGALG00000012652	-0.254884114945328	-0.239544797473046	-0.0927989678580259	-0.368063783125036	0.292526534677458	-0.00149167114950111	0.077268784775652	-0.323520456505158	-1.31101067217548	0	0	0	0	0	0	0	0	0
ENSGALG00000012973	-0.214428999495456	-0.999018190986935	-0.206660980870675	-0.607290564101993	-0.221104384996096	-0.578125316713749	-0.118087372215266	-0.109730812636245	-0.457578689640298	0	0	0	0	0	0	0	0	0
ENSGALG00000013021	-0.00977266570279323	-0.0881515909268682	-0.115404972059435	-0.159324437480482	0.0462223446559946	-0.198953707139218	-0.339083246013694	-0.166143740202306	-0.605135556482114	0	0	0	0	0	0	0	0	0
ENSGALG00000013051	0.134563835822736	-0.0194398579523529	-0.46556939455842	0.20288620400098	0.317203096055018	0.426379646694696	0.821584896206311	0.614277381021929	-0.104868828948955	0	0	0	0	0	0	0	0	0
ENSGALG00000013194	1.38025117569558	0.557649278277067	1.30027730093721	1.05169499122317	0.66245142325246	1.19977382172116	0.399323020449802	0.0919160817958472	-0.0280537903518688	0	0	0	0	0	0	0	0	0
ENSGALG00000013312	-5.39736848221488	-5.62749385618242	-5.39047703636052	-5.98973838592147	-5.01970988757611	-5.65223712704947	-5.78854129430841	-5.44942284837186	-5.96021979974365	0	0	0	0	0	0	0	0	0
ENSGALG00000013376	-0.0506932169197958	0.029585942086481	-0.0125460217441	0.108740947226212	0.551226950967055	1.26263774874252	0.936317664574717	1.42619621058969	0.831533722158955	0	0	0	0	0	0	0	0	0
ENSGALG00000013377	0.58943740049946	0.555495546861108	0.658603648795127	0.398771858230281	0.475622786206943	0.575780352620757	0.458741974903466	0.514163510778718	0.5973655882259	0	0	0	0	0	0	0	0	0
ENSGALG00000013493	0.867529921765138	0.856752822385796	0.808908588184763	0.7944932002291	0.89577035921867	0.751108777319595	0.7208546721009	0.95352869980224	0.750650033617201	0	0	0	0	0	0	0	0	0
ENSGALG00000013510	0.711393501131225	0.873033249559859	0.88502994230269	0.786879382379271	0.627253876623735	1.05766372219613	0.901806009405792	0.716510122996011	0.859154541546608	0	0	0	0	0	0	0	0	0
ENSGALG00000013511	0.456811970515522	0.621476620694507	0.43581875920882	0.524524075058072	0.730433979261548	0.616504177906561	0.893423750434879	0.620668083822986	0.724947635102454	0	0	0	0	0	0	0	0	0
ENSGALG00000013512	0.794351150678377	0.81301963332846	0.54348577884593	0.781688177072202	0.601554645958751	1.05256493293776	0.785449219565743	0.863185480328567	0.657200576835961	0	0	0	0	0	0	0	0	0
ENSGALG00000013591	0.0475306186437301	0.306516549436576	-0.0684948662631459	-0.110245903027332	0.0717787455477747	-0.0114957839941709	-0.173934782223327	-0.154912093781512	-0.583102481625661	0	0	0	0	0	0	0	0	0
ENSGALG00000013809	0.540360244896407	0.816919144680678	0.76610116849256	0.674238681577608	0.60714005310053	0.960499063013694	0.751807919483848	0.622905437666455	0.758857205236922	0	0	0	0	0	0	0	0	0
ENSGALG00000013922	-0.562473957591697	-0.248878831560577	-0.660777825820215	-1.63493180115844	0.518247419315577	-0.777874638858052	-0.56875255323104	-0.994255032098113	-4.43064338557476	0	0	0	0	0	0	0	0	0
ENSGALG00000013967	-0.130450851292807	-0.0826436799673029	-0.0475044952041692	-0.052574865398693	-0.10303579710863	-0.333962603882206	-0.682525860345406	-0.0650897971563609	-0.0344048398013452	0	0	0	0	0	0	0	0	0
ENSGALG00000014003	-3.14718828774664	-3.10771025732686	-2.95763756097193	-3.16831467305134	-2.37042438425553	-2.54758409984727	-2.73349401262067	-2.21603417345255	-2.26035214752476	0	0	0	0	0	0	0	0	0
ENSGALG00000014122	-0.118060970460326	0.030122522675823	-0.115771596300264	-0.291360380433873	0.0638113110101735	-0.48588991235412	-0.397820200853931	-0.0740921270364243	-0.605823860355314	0	0	0	0	0	0	0	0	0
ENSGALG00000014168	0.883426877945985	1.1773816857771	0.596122426002801	0.917106290466474	0.654666362769976	0.978697102995234	1.19385422833526	0.255938845059071	0.493363000469477	0	0	0	0	0	0	0	0	0
ENSGALG00000014184	-5.47380828312577	-5.47474399153906	-5.27082843000888	-5.44814523944996	-5.04719339026126	-5.20238906142061	-5.06951073572143	-4.99870325024839	-5.10958146274152	0	0	0	0	0	0	0	0	0
ENSGALG00000014366	-6.44413858236614	-6.34916889861315	-6.50569673821455	-6.44154003377199	-5.70904168874014	-5.76841608164002	-5.77773332612001	-5.4362386748985	-5.85651832814001	0	0	0	0	0	0	0	0	0
ENSGALG00000014441	-4.2946529679995	-4.19627239978348	-4.33532394568609	-4.23719446609162	-4.42596546422092	-4.51250047569426	-4.5508663419359	-4.48159310732863	-4.70618903811981	0	0	0	0	0	0	0	0	0
ENSGALG00000014448	0.249876334475379	0.12823005697088	-0.0601729317322839	0.0988967608003968	0.273484656227972	0.301550567052638	0.391575230511515	0.24176181440109	0.678950210436772	0	0	0	0	0	0	0	0	0
ENSGALG00000014464	-0.30616448350135	0.0516742123644676	-0.00505190217441687	0.0591929139950853	-0.704259573738828	-0.282701186411314	-0.824087017131554	-0.391045585530183	-0.564604154195644	0	0	0	0	0	0	0	0	0
ENSGALG00000014545	-4.10844629944105	-4.27724822673711	-3.79659080681368	-4.4676534846179	-4.34449141202877	-4.09124691272128	-3.94109684059514	-3.86994709621793	-3.90390666274196	0	0	0	0	0	0	0	0	0
ENSGALG00000014584	-3.32859141538036	-3.37561296263326	-3.50518280771875	-3.24720374085806	-3.38069962876245	-3.27831662311739	-3.21356710792317	-3.04814382447648	-2.94794958303785	0	0	0	0	0	0	0	0	0
ENSGALG00000014589	-0.75727600779541	-0.950429941372583	-0.984865183531578	-1.18084471460792	-0.960627387317863	-1.23269323685266	-1.19192054855183	-1.37242760541161	-1.55159985580987	0	0	0	0	0	0	0	0	0
ENSGALG00000014642	0.663340843742183	0.686231726759748	0.69354965703393	0.544830914407496	0.479295263879445	0.857720352184374	0.576119210020781	0.489750608348389	0.520969401482457	0	0	0	0	0	0	0	0	0
ENSGALG00000014644	1.25268269536178	1.13118546332569	1.1672257044988	1.13754190127599	0.962508191680463	0.93895629533414	0.611960546674611	0.949493507464673	1.23243935603735	0	0	0	0	0	0	0	0	0
ENSGALG00000014645	0.749130535397547	0.0435128544716226	0.081617588888208	0.982063846563411	0.637973459060559	0.879364529913547	0.890951954893771	0.443733334417143	0.906714998012117	0	0	0	0	0	0	0	0	0
ENSGALG00000014648	0.776950705993192	0.958845817358072	0.973913981932498	1.1831336493375	0.730664844435637	0.870876239747655	0.430826224041758	0.899646180757594	0.661821122276646	0	0	0	0	0	0	0	0	0
ENSGALG00000014649	0.571376232596389	0.61992146302908	0.680074510116005	0.41642187352705	0.712403050420974	0.404475631620811	0.761231704491946	1.0310312120435	1.33190742582839	0	0	0	0	0	0	0	0	0
ENSGALG00000014650	0.097447563107822	-0.0261640025159102	-0.0449051813251686	0.158179725713618	0.0426382535156824	0.352137562405207	0.606033585206397	0.618471328620487	1.11627697535218	0	0	0	0	0	0	0	0	0
ENSGALG00000014651	0.393211063817377	0.269330712115178	0.196391376218885	0.454089560214513	0.324591194940433	0.0787114090730796	0.248758604152423	0.52906129144851	1.01993081638853	0	0	0	0	0	0	0	0	0
ENSGALG00000014661	1.07928361056861	1.15546415871029	1.06403461542566	0.992936660539312	0.951231368508787	0.89062077634541	0.467120564924051	1.26200994994381	0.808638543422946	0	0	0	0	0	0	0	0	0
ENSGALG00000014664	0.743419696991125	0.810730413053996	1.20735922347305	0.353715869426194	0.848251354585179	0.63467782889713	0.733378336307835	0.593958403335141	0.634481377672673	0	0	0	0	0	0	0	0	0
ENSGALG00000014670	0.775817568425754	0.599924293925862	0.366327110312753	0.549065368265802	0.631181728427036	0.360157239935967	0.5271820806605	0.835570793321261	0.634156920768937	0	0	0	0	0	0	0	0	0
ENSGALG00000014672	0.772242774758169	0.550530718429473	0.683088998357675	0.781741703498835	0.503215854457728	0.802999455360022	0.553369132206986	1.06277764203209	0.854516381412425	0	0	0	0	0	0	0	0	0
ENSGALG00000014684	0.775723758887006	0.944300813550921	1.16558069954907	0.804416545613385	0.963762418136384	0.769130110886323	0.607901525496956	0.654987266166203	1.29266130946484	0	0	0	0	0	0	0	0	0
ENSGALG00000014690	-0.01573304936481	0.389066231229904	0.252004105007812	0.535065950280902	0.68669447546131	0.342059944391624	1.02422314659537	0.84692416000621	0.957717647514056	0	0	0	0	0	0	0	0	0
ENSGALG00000014691	0.784216872313391	0.591033744395255	0.800286435365601	0.675747873990714	0.729714263546722	0.793583112859887	0.663898467593841	0.63868560266086	0.745767893047391	0	0	0	0	0	0	0	0	0
ENSGALG00000014697	0.649872842568	0.812487758627471	0.731010997946592	0.723655737244001	0.559952592121556	0.700407709332365	0.573539744693583	0.864289208878251	0.374278573745499	0	0	0	0	0	0	0	0	0
ENSGALG00000014700	0.51156550131949	0.574322575062259	0.612482654292446	0.176543424844017	0.134269760930336	0.265206125224863	0.43299865343365	0.933731760882434	1.63658988220659	0	0	0	0	0	0	0	0	0
ENSGALG00000014703	-0.0220194307205563	0.300496514307707	0.152087346122414	-0.0227004900344374	0.1846404971087	0.240752138905415	0.497760391432083	0.401204572058469	0.384169803811836	0	0	0	0	0	0	0	0	0
ENSGALG00000014709	0.73628033365375	0.817646201895183	0.726790726738531	0.521394658841718	0.679434152777618	1.03549037036794	1.04221588974723	0.744847401849342	1.17968785615895	0	0	0	0	0	0	0	0	0
ENSGALG00000014711	0.249154830565281	0.74364294443079	0.466483615916126	0.486855385047624	0.609583130909605	0.683475524782705	0.937615681054246	0.295391367576149	1.0720119977091	0	0	0	0	0	0	0	0	0
ENSGALG00000014712	0.568760794339792	0.704189425638679	0.680967557239309	0.208376440550557	0.62489919068228	0.579665032222406	0.244200686566597	0.691266210442136	0.960263572641772	0	0	0	0	0	0	0	0	0
ENSGALG00000014716	0.321825012898072	0.592269899354363	0.526347070609887	0.20511247504584	0.958565434260617	-0.0306837533179749	0.418517519511711	0.374092313796943	1.29110692628226	0	0	0	0	0	0	0	0	0
ENSGALG00000014719	1.23965035308973	0.861558454208826	0.511740153352382	0.594420534657865	0.499884623951242	0.634692833833355	0.646662935637529	0.836723984271416	0.409180207418553	0	0	0	0	0	0	0	0	0
ENSGALG00000014721	0.241304836372899	0.501448303875626	0.440069702431695	0.635456500859937	0.210808898819054	0.583240528074531	0.505228995607069	0.577873518897655	0.455214512981973	0	0	0	0	0	0	0	0	0
ENSGALG00000014724	0.156084928783597	0.486225551358341	0.449633387613185	0.538670998020947	0.720955095604426	0.704990450951541	0.467561249677537	0.654214462046026	0.41161251462924	0	0	0	0	0	0	0	0	0
ENSGALG00000014732	0.483603871274275	0.722765661352065	0.611032704796041	0.704328017927788	0.521514611134986	0.92736241886646	0.866270547510827	0.8473804299757	0.462093524079345	0	0	0	0	0	0	0	0	0
ENSGALG00000014734	0.572043841843694	0.619257047705594	0.575898279696756	0.726261266237512	0.904284031278697	0.383958811958745	0.597343725852781	0.478214740015408	0.665882110968893	0	0	0	0	0	0	0	0	0
ENSGALG00000014740	0.628026709070761	0.57427036495077	0.43465858257393	0.671599367953689	0.463169294642333	0.658877867595906	0.321684231279355	0.285074777611063	0.283854691569927	0	0	0	0	0	0	0	0	0
ENSGALG00000014747	0.632322456779244	0.547471086363914	0.885547817791133	0.840222469183442	0.773917777525503	1.20351329467751	0.645618043788101	0.526932123793243	0.712565566399297	0	0	0	0	0	0	0	0	0
ENSGALG00000014753	0.546615306110693	0.948463721614347	0.672625272483926	0.673200001097907	0.552741938892225	1.57845653247314	-0.795628026487553	1.23445429205544	1.05678758472446	0	0	0	0	0	0	0	0	0
ENSGALG00000014756	0.626685181225749	0.656085338766856	0.77412639897781	0.784279194119845	0.605055486527882	0.780199016582985	0.486772894689218	0.729697605532669	0.68296086210672	0	0	0	0	0	0	0	0	0
ENSGALG00000014765	0.502236976290336	0.637761771509201	0.298259204538993	0.490369021598537	0.653284002906354	0.394210616377334	0.473289219371502	0.962766993274879	0.367187973231354	0	0	0	0	0	0	0	0	0
ENSGALG00000014767	0.582444482391688	0.456495804453114	0.502667771913071	0.513009412483376	0.587234341639915	0.623463130515345	0.458133006326326	0.861076296545718	0.485910450252795	0	0	0	0	0	0	0	0	0
ENSGALG00000014773	0.0601176622715229	0.270376717964222	0.222570726842278	0.39187322538303	0.365922120943197	0.0678831246634193	0.445524436611481	0.519329430483552	0.293607689801566	0	0	0	0	0	0	0	0	0
ENSGALG00000014775	0.463623789920664	0.444425076266526	0.364580086865993	0.591355245865943	0.363738670710449	0.769779068497286	0.350112017464824	0.476095971536109	0.533406738963724	0	0	0	0	0	0	0	0	0
ENSGALG00000014786	0.20163698741257	0.632834168475873	0.588212249273517	0.228417913113772	0.504964020911766	1.15880960609265	0.420349167185078	0.884289028315923	0.714575652756212	0	0	0	0	0	0	0	0	0
ENSGALG00000014787	0.292310256415168	0.57768503322345	0.372212211661099	0.468830101947889	0.594124963084912	0.180786316249002	0.498312274893454	0.380582682961569	0.429631878471568	0	0	0	0	0	0	0	0	0
ENSGALG00000014788	0.628635620703779	0.913804694912155	0.58040183686831	0.746576567065054	0.494706504267447	0.991417778458497	-0.404728905376718	0.52386025078004	0.583006049554211	0	0	0	0	0	0	0	0	0
ENSGALG00000014789	1.13508695500102	0.721185531872587	0.698876284924015	0.913186031231363	0.874814845825529	0.550372822053591	0.840562177154723	0.749879066460895	1.0410046867167	0	0	0	0	0	0	0	0	0
ENSGALG00000014790	0.748429459453561	0.613035858330981	0.726458455918602	0.862321519479954	0.617738538706762	0.602591403908346	0.772129439633174	0.630673490086834	0.502306773146914	0	0	0	0	0	0	0	0	0
ENSGALG00000014807	0.746397000984045	0.37582652722865	0.525399885687169	0.454830973411784	0.577062352222408	0.623920539539183	0.372844311391808	0.643326292513668	0.397102795282885	0	0	0	0	0	0	0	0	0
ENSGALG00000014810	0.392096019752207	0.533569704881226	0.543601822316237	0.466024730272729	0.556097996325891	0.75172328983586	0.55673292458648	0.920022231782321	0.3794403219305	0	0	0	0	0	0	0	0	0
ENSGALG00000014816	-0.0990213838384557	-0.283340847598565	-0.112960477560033	-0.106983455860884	-0.160415053624108	-0.153920604070006	-0.47868919932184	-0.136359137770948	-0.709121433632736	0	0	0	0	0	0	0	0	0
ENSGALG00000014826	0.668014037314295	0.327900259964006	0.723378645057719	0.564710271628114	0.231928424528899	0.643772549552012	0.365665770701368	0.76476769689629	0.679089136610571	0	0	0	0	0	0	0	0	0
ENSGALG00000014832	0.37219787160771	0.605216188147413	0.639402188977513	0.386697609433067	0.511714224853394	0.280675119069579	0.365159679813321	0.725513858540152	0.706537088183117	0	0	0	0	0	0	0	0	0
ENSGALG00000014835	0.475063918987244	0.334389942762994	0.129438111580073	0.922463339858204	1.30799860367878	0.582779739260694	0.758714560616201	0.768203142806998	-0.127419228234015	0	0	0	0	0	0	0	0	0
ENSGALG00000014840	0.634466031139188	0.629909615124113	0.67770890349965	1.23702064533233	0.765883785404021	-0.452574396073839	0.736771473759383	1.13084206901259	1.35510976831964	0	0	0	0	0	0	0	0	0
ENSGALG00000014851	1.00011127623571	0.863558319486648	0.592631161167285	1.38217309130698	1.07907612650948	0.862558092212396	0.925440593469563	0.974790441592664	0.872531104981116	0	0	0	0	0	0	0	0	0
ENSGALG00000014852	-0.119406419612468	-0.0638526843846305	-0.132100813366781	-0.00901326292905669	0.0286580150453339	-0.494124139266587	-0.51375047549873	0.00424305986155282	-0.404736445565007	0	0	0	0	0	0	0	0	0
ENSGALG00000014859	0.571597007636373	0.502508608158443	0.689133395655734	0.993076126367696	0.221945111443537	1.01509364996576	0.709481935225136	0.595342725884566	0.786861753331799	0	0	0	0	0	0	0	0	0
ENSGALG00000014863	1.28428589008241	0.420076444626026	0.382039166015593	0.350489345765785	0.742825021035671	0.87440983568124	1.35625422853577	0.902581334409133	1.16982946765325	0	0	0	0	0	0	0	0	0
ENSGALG00000014865	0.663590800888749	0.48863012980381	0.558992116274744	0.214174066675938	0.382469731277003	0.640809722991074	0.921203365602305	0.508857572765448	0.352567326048954	0	0	0	0	0	0	0	0	0
ENSGALG00000014869	0.731415077990111	0.711951876769323	0.689568816567107	0.500209111779377	0.552706770945534	0.452195725959285	0.345473984976337	0.470049011493536	0.86327858424338	0	0	0	0	0	0	0	0	0
ENSGALG00000014874	1.1704857161446	1.26477493026457	1.13049855824466	1.02589431484045	1.14652268605089	0.990187071687526	0.766206654155734	1.03676099770248	0.824876865445239	0	0	0	0	0	0	0	0	0
ENSGALG00000014877	-0.0629307160284123	0.0491921621735161	0.222144509218666	-0.0872783658486256	0.833200715182382	1.05038951492223	0.204523010144209	0.935235886715426	0.652254230827796	0	0	0	0	0	0	0	0	0
ENSGALG00000014880	0.207591264391297	-0.244425871502023	0.224842101767344	0.485814546879296	0.375233489172248	0.303491695150417	0.343928153379554	0.503585135203614	0.566370145850607	0	0	0	0	0	0	0	0	0
ENSGALG00000014891	0.580625466809368	0.415056950604313	0.367310054118017	0.431657088895753	0.620610788024657	0.425072626850663	0.333443601598059	0.671977881223651	0.616433283777387	0	0	0	0	0	0	0	0	0
ENSGALG00000014903	0.402412491772701	0.0630155584292851	0.391915677369113	0.555864120246695	0.886891033922889	0.49734937693469	0.872933208327646	0.423559662784671	0.0134311086879046	0	0	0	0	0	0	0	0	0
ENSGALG00000014906	0.486257202046745	0.913517642967105	0.774588744308164	0.58158563622005	0.793567682794943	0.963210607675781	0.526309514154028	0.948790385394254	1.23383831123366	0	0	0	0	0	0	0	0	0
ENSGALG00000014907	-0.176099901526479	-0.125514364784824	0.218889335037273	-0.696473838137962	-0.245535411551179	-0.474541503959841	0.201427397976676	-0.294901120223024	-1.07547566569268	0	0	0	0	0	0	0	0	0
ENSGALG00000014911	0.235792323260933	0.217562547922127	0.379047798804294	0.10684139011215	0.458828809150375	0.334974903688154	0.157185744887257	0.15085653638705	0.599511682744007	0	0	0	0	0	0	0	0	0
ENSGALG00000014916	0.722289752126148	0.806582469131535	0.74087162414083	0.764576808704201	0.78285320153117	0.700186297115578	1.03575683944451	0.926806540757423	0.802048177157308	0	0	0	0	0	0	0	0	0
ENSGALG00000014930	0.412025390538029	0.72181643902295	0.413960824479064	0.15241775846189	0.322796298032167	0.050847733231044	0.50852694195177	0.278382078734787	0.725254650344575	0	0	0	0	0	0	0	0	0
ENSGALG00000014939	0.686746608536427	0.49348709690581	1.016683878903	0.734104707479913	0.680957901567172	1.00402127771045	0.535561983102181	0.495759261464908	0.313493713074193	0	0	0	0	0	0	0	0	0
ENSGALG00000014942	0.620512783023212	0.574665632361424	0.691050908539955	0.635400404784366	0.723609875312415	0.729654401255758	0.961975894587624	0.74216813152233	0.544724612747943	0	0	0	0	0	0	0	0	0
ENSGALG00000014952	0.646803064563467	0.242493493571864	0.745639977468109	0.233731648340767	0.841708003255612	0.334382475154765	0.563162624564304	0.330882146947819	0.830061133656766	0	0	0	0	0	0	0	0	0
ENSGALG00000014956	0.520037787630848	0.347931213561413	0.289987526031902	0.435465291709213	0.364260720055221	1.01783430443271	0.747592168912841	0.615431187810952	0.857146904097645	0	0	0	0	0	0	0	0	0
ENSGALG00000014960	0.714898537998996	0.697243581405177	0.869276856341681	0.643042519201591	0.585579086261801	0.983601618060787	0.763607383436662	0.812230183409854	0.275504271709086	0	0	0	0	0	0	0	0	0
ENSGALG00000015002	0.639049242839542	0.649793305797805	0.800318873003087	0.908450208491426	0.780440356901768	1.05000762423228	0.243095112030886	0.864976687498037	0.794998399128906	0	0	0	0	0	0	0	0	0
ENSGALG00000015008	0.427688820526735	0.236908396252125	0.0213739927012755	0.376663885415089	0.752299869208826	0.318303388448575	0.0126426918918545	0.233242319789257	0.176858516711177	0	0	0	0	0	0	0	0	0
ENSGALG00000015019	0.267386671769176	0.343362180192845	0.52333380723947	0.344781179539358	0.403164777693251	0.386675260062547	0.644974775207254	0.605232129740871	1.20258209563315	0	0	0	0	0	0	0	0	0
ENSGALG00000015036	0.312033839923271	0.271406397410499	0.25665992996115	0.210365376552737	0.300206195023863	0.298622299124091	0.695256505491006	0.281920436496668	0.973088474789574	0	0	0	0	0	0	0	0	0
ENSGALG00000015071	0.61918072769689	0.711499064311714	0.634880696777432	0.549583053377791	0.789999030712522	0.536638000213591	0.274036491374051	0.674146617056922	0.335485935450653	0	0	0	0	0	0	0	0	0
ENSGALG00000015082	0.695447383275754	1.04924250642678	0.647540511606966	0.920912841631988	0.833849829918677	0.712245166570616	0.35072903106909	0.639337384212119	0.722819152176781	0	0	0	0	0	0	0	0	0
ENSGALG00000015091	0.810159770898881	1.09807426669575	0.793433436015686	0.839103463771904	0.641976090275862	1.16654706486659	0.260028024771296	1.12371604886803	1.03874336999807	0	0	0	0	0	0	0	0	0
ENSGALG00000015097	0.265788814801894	0.821802581370743	0.570921169039153	0.498846838040493	-0.184631889543814	0.577438171778219	0.399167477420082	0.319645559366606	0.114523730031781	0	0	0	0	0	0	0	0	0
ENSGALG00000015103	0.287620745567516	0.465772772280357	0.475586654361221	0.475283583588374	0.550475299705407	1.02530048238948	-0.0668764899403564	0.503255580120354	0.478823441330856	0	0	0	0	0	0	0	0	0
ENSGALG00000015108	0.569893745578151	0.769282078651408	0.628256112914911	0.644437239916733	0.613377195555037	0.900518031119458	0.383900049815368	0.807823330143687	0.822350154283388	0	0	0	0	0	0	0	0	0
ENSGALG00000015118	0.469955215764425	0.569398967182067	0.713754558048181	0.703074391530946	0.437116435369734	0.912361193975427	0.349927027187625	0.413039876100611	0.377722199751928	0	0	0	0	0	0	0	0	0
ENSGALG00000015119	-0.249027884903523	-0.0167916486355493	-0.187047800829329	-0.217498424604351	-0.153399864440098	0.107941593467761	-0.289783068393012	-0.253849732635876	-0.0696280960436209	0	0	0	0	0	0	0	0	0
ENSGALG00000015134	-2.28378942336148	-2.03800332250649	0.183707663721207	-0.00422010968608545	-0.341523090673913	0.386459161249253	-4.48694074140936	-2.98899347772444	-3.0190734371313	0	0	0	0	0	0	0	0	0
ENSGALG00000015138	0.728924457955571	0.380028004337111	0.477963447234407	0.933332993550841	0.724327586085369	0.445787239333599	-0.225326905534946	0.440626656559271	0.786858757065304	0	0	0	0	0	0	0	0	0
ENSGALG00000015139	0.553069002365808	0.659619683906141	0.458820331848599	0.304873198165487	0.730252289155009	0.881342553227637	0.486628837071096	0.633073941092662	0.484899433633451	0	0	0	0	0	0	0	0	0
ENSGALG00000015144	0.696498654178415	0.855707527401978	0.668229609991273	0.597099528398594	0.617154025054768	1.21715558560874	0.30896245346587	0.89690435214026	1.56755548367558	0	0	0	0	0	0	0	0	0
ENSGALG00000015147	-1.22262888266766	-1.84675445095152	-0.921474927228974	-1.2254889656545	-0.350162308272798	-0.997424639452156	-0.091638831442987	0.343213632355475	1.09761255131198	0	0	0	0	0	0	0	0	0
ENSGALG00000015170	-0.0950588753229002	0.0613859160130694	0.090449236677105	0.208573141253187	0.208743296927635	0.494384568508009	0.29830039829908	0.284017679869828	0.733497944857288	0	0	0	0	0	0	0	0	0
ENSGALG00000015179	0.6789151178576	1.14349362963632	0.620687432403908	0.769659281575368	0.633474171427853	0.960082422811102	1.70155280849553	0.905092233102365	1.09103219430167	0	0	0	0	0	0	0	0	0
ENSGALG00000015184	0.2362185088339	0.565884948128454	0.351715386370082	0.602859030458327	0.170327410751366	0.488135028150355	0.429708682825129	0.612760515311406	0.676052166807691	0	0	0	0	0	0	0	0	0
ENSGALG00000015216	-0.0554053118107487	-0.0250760719765395	0.0791141165543152	0.653897202415067	0.876927521518928	0.029603443066327	0.415878409304539	0.557663779751048	0.268787290941721	0	0	0	0	0	0	0	0	0
ENSGALG00000015256	0.414569785245679	-0.0806038870594747	0.14552730721014	0.157077827422314	0.0788244683604624	0.267178410332056	0.437545000599487	0.383440021126603	0.625401729014285	0	0	0	0	0	0	0	0	0
ENSGALG00000015257	0.522041915894797	0.762784307658177	0.206067336217957	0.287694014543816	0.361743274269354	-0.632891836297703	0.231067018389156	0.122687675463902	1.52013766621125	0	0	0	0	0	0	0	0	0
ENSGALG00000015264	0.644042428055211	0.81658165125762	0.732225837406485	0.350182192853071	0.85037356449135	0.317347428672478	0.40371118833025	0.936320590203582	1.28395355073006	0	0	0	0	0	0	0	0	0
ENSGALG00000015268	0.719946223593745	0.642487984660747	0.978959744838685	0.830936088627809	0.678351470509043	0.854035894742168	1.19059363368457	0.796841503918324	0.997527732573912	0	0	0	0	0	0	0	0	0
ENSGALG00000015288	0.562989840808747	0.680959707763765	0.611664602756741	0.588690573043788	0.513810552672263	1.11338260542802	0.668824824796165	0.719392196011752	0.703241913092798	0	0	0	0	0	0	0	0	0
ENSGALG00000015311	0.261366655924674	0.374255421476973	0.178282012000397	0.335212067371743	0.333845978740879	0.379384640686437	0.766200461800763	0.19619651817805	0.287467462458468	0	0	0	0	0	0	0	0	0
ENSGALG00000015315	0.767664713855982	0.222764485066148	0.374771759793161	0.561883415057311	0.416709437782975	0.92671409118879	0.850278371442196	0.765270117839302	0.246317346215304	0	0	0	0	0	0	0	0	0
ENSGALG00000015326	0.61131769338048	0.821416202213899	0.701950583628904	0.84836399858706	0.906111274222388	0.435569366112014	0.56026735296856	1.06994269813744	0.783249161599848	0	0	0	0	0	0	0	0	0
ENSGALG00000015331	0.598232522605302	0.40489368494932	0.386854465971529	0.523110254397199	0.472050460475393	0.336681719755521	0.457465579667581	0.555207026517859	0.436440186504553	0	0	0	0	0	0	0	0	0
ENSGALG00000015333	0.532389636065359	0.0943491545016428	0.445822361385232	0.432271929865062	0.356213857426364	1.0328336715323	0.751795217258927	0.486896097159726	0.167777256888341	0	0	0	0	0	0	0	0	0
ENSGALG00000015339	-0.278556809106735	-0.184951213892262	-0.242513698947494	-0.105106704616539	-0.248580231860648	-0.174338703671832	-0.391363280158652	-0.217992859421289	-0.0232082903846909	0	0	0	0	0	0	0	0	0
ENSGALG00000015349	0.867210693086058	0.905351805916011	0.800315248558748	0.826991295147845	1.28609170025914	0.792802292380086	0.700427042365096	0.713374015828737	0.766942495583687	0	0	0	0	0	0	0	0	0
ENSGALG00000015352	0.456561560536304	0.470086265332132	0.614212002568329	0.515325493395693	0.269299387903892	0.249463834750084	0.152097877967961	0.313091651493135	0.761161531554057	0	0	0	0	0	0	0	0	0
ENSGALG00000015368	0.705231770527328	0.154955046460497	0.408995806756225	0.657055810705454	0.422147166781778	0.431662425097113	0.274655893885406	0.671570529086788	0.291867330220829	0	0	0	0	0	0	0	0	0
ENSGALG00000015372	1.01027407687733	0.587501825318368	0.935796116301578	0.938179365259424	0.551590375169852	0.702551499922647	0.554645320535892	0.730846531115222	1.10477698960044	0	0	0	0	0	0	0	0	0
ENSGALG00000015376	0.636486010413009	0.562613752744108	0.589905999999092	0.491493844119423	0.671977063320099	0.426769301958439	0.436816030153482	0.760042357947792	0.690019655528441	0	0	0	0	0	0	0	0	0
ENSGALG00000015385	0.134614616269968	0.434717906736771	-0.244961872342179	0.55738534535787	0.339775882134292	0.303592020160842	0.355375521030364	0.531514280734517	0.659190479487205	0	0	0	0	0	0	0	0	0
ENSGALG00000015386	0.148829477618128	0.56632636073561	0.300317379140095	0.351439632322835	0.451570657304432	0.0734778171991266	0.113631982028949	0.0451786572680302	0.541955903313217	0	0	0	0	0	0	0	0	0
ENSGALG00000015390	0.60690390985273	0.389757356895822	0.363498949950104	0.556509811954502	0.868236703004276	0.732231560649087	0.913807109234298	0.476880332946974	1.03940289514848	0	0	0	0	0	0	0	0	0
ENSGALG00000015391	0.796203535706131	0.814900201661612	0.949110815927331	0.738867386340599	0.76419536450369	1.0254294038018	1.07082983896216	0.651057557220238	0.891030870119594	0	0	0	0	0	0	0	0	0
ENSGALG00000015399	0.370886701768175	0.387767817778032	0.612246450286549	0.751638318166959	0.738581879892424	0.0823501036694967	0.522052351103592	0.630165986187275	0.627537105799602	0	0	0	0	0	0	0	0	0
ENSGALG00000015433	0.379723368126166	0.459828299163946	0.611467491386062	0.381766818313615	0.464234567909973	0.271125869952026	0.570293196424065	0.479318212206636	0.20652331493018	0	0	0	0	0	0	0	0	0
ENSGALG00000015439	0.923069769948683	0.916750339001382	0.816249934393396	0.484377310277467	0.702732363778506	0.481762565019272	0.422430407953074	0.79996532921931	0.628119517700643	0	0	0	0	0	0	0	0	0
ENSGALG00000015442	1.03200563290287	0.56312514964177	0.242824869649696	0.443975812544894	0.644744856265203	0.409523306282219	0.606561164035543	0.594533849142327	1.16349737390634	0	0	0	0	0	0	0	0	0
ENSGALG00000015443	0.62176509417598	1.04559156481442	0.772122364804148	0.66243295116115	1.10492890572456	0.526420555374476	0.170544097104296	0.710656206404818	1.53888408448125	0	0	0	0	0	0	0	0	0
ENSGALG00000015469	0.27042369210696	1.1021890419225	0.119863606625005	0.268383449902398	0.55568677924071	0.209331133577511	0.571611807075399	0.0862172587442456	0.265317767741439	0	0	0	0	0	0	0	0	0
ENSGALG00000015492	-0.462918900184629	-1.30448783367044	-1.20080662490323	0.229283373037021	-0.871277111327265	-0.331072931259047	-0.514883732240452	0.287663239454394	-0.331099673469329	0	0	0	0	0	0	0	0	0
ENSGALG00000015543	1.00387021326056	1.21521004322399	0.883280920843509	1.27711283113031	1.10488152776183	0.985155876882656	0.8846442551648	1.14388673400255	0.940271607366819	0	0	0	0	0	0	0	0	0
ENSGALG00000015545	0.939275129356013	0.81364684849969	0.767986589905067	0.440462998474359	0.716121863084196	0.636154823829163	0.259893903571284	0.198566700380376	0.72475705209966	0	0	0	0	0	0	0	0	0
ENSGALG00000015548	0.570367241057893	0.507901087747348	0.568432566231786	0.62726350630056	0.510845578314696	0.715304144646135	0.701849300141513	0.378972495354476	0.660975620489443	0	0	0	0	0	0	0	0	0
ENSGALG00000015571	0.378916252770473	0.509943804258435	0.595311775876213	0.291383189154008	0.276810395515588	0.374841716878015	0.467859590163268	0.51609504534396	0.189600289544316	0	0	0	0	0	0	0	0	0
ENSGALG00000015576	0.499501260658372	0.502262902167648	0.463905260505863	0.632102874153998	0.558453533567874	0.470471720265928	0.671717057168265	0.691346297372689	0.587096339456957	0	0	0	0	0	0	0	0	0
ENSGALG00000015577	0.895459981797133	1.08228190604383	0.409258376520374	0.661114614789737	0.874413066972482	0.530420115136374	0.576407107114105	0.775368292413058	0.278633352089194	0	0	0	0	0	0	0	0	0
ENSGALG00000015589	0.347283088352045	0.758871312607456	0.494982810909335	0.783106748226821	0.643898574204304	0.849071675550925	0.66582258751423	0.6660203416575	0.537628437659277	0	0	0	0	0	0	0	0	0
ENSGALG00000015603	0.714329886980932	0.739822285691537	0.876103807503291	0.795127219174842	0.605099952226981	0.711036047808664	0.8958143520026	0.740935142182932	0.630356812652487	0	0	0	0	0	0	0	0	0
ENSGALG00000015617	1.11090858091019	1.21519767186484	0.71741861976138	0.979247232056501	0.957957295045588	0.860495426218347	0.893375109118418	0.775712081624647	0.741191779717617	0	0	0	0	0	0	0	0	0
ENSGALG00000015620	0.22103202213847	0.962466921234816	0.748985316227258	0.483777096318015	0.452111237576593	1.09151411359772	0.213742297929666	0.678124741404217	0.543085954114775	0	0	0	0	0	0	0	0	0
ENSGALG00000015641	0.716227664701557	1.065402797198	0.848401408989509	0.754960460789944	0.768114110145645	0.831819586969798	0.675911074682329	0.757348517276383	0.547220322153372	0	0	0	0	0	0	0	0	0
ENSGALG00000015663	0.814749057247298	0.754713857747653	1.10323427203383	1.05921609195968	0.578969711893251	0.700310796939887	0.376957022012212	0.769054068511332	0.864574572337217	0	0	0	0	0	0	0	0	0
ENSGALG00000015682	0.297431966633423	0.482930844484922	0.465071159171414	0.424384334120921	0.436232525284753	-0.0134823170125173	0.450809262052696	0.197380678269017	0.711317120829142	0	0	0	0	0	0	0	0	0
ENSGALG00000015684	0.059853130152244	0.159186361196183	-0.071484793795026	0.106625320312105	0.22558153042538	0.0755755391672617	0.0739998301137259	0.423569498923057	0.427146222013323	0	0	0	0	0	0	0	0	0
ENSGALG00000015689	0.335681157661218	0.569491321844311	0.454501774210616	0.205860816741269	0.341909546551719	0.339820780474324	0.532638588491025	0.275061837000814	0.589778361388174	0	0	0	0	0	0	0	0	0
ENSGALG00000015691	0.892756265616947	0.805364604871214	0.991513250373341	1.05655575510378	0.556827461214381	1.63025044953382	-0.474420450986146	0.837166111990645	1.38245627486905	0	0	0	0	0	0	0	0	0
ENSGALG00000015704	0.888765412773285	0.891582652090172	0.922807631300698	0.969122847967194	0.964609805521722	0.599491371080404	0.686369972463103	0.91876453190676	0.894892323990661	0	0	0	0	0	0	0	0	0
ENSGALG00000015949	-0.536679648208786	-0.48259536829731	-0.293960159067347	-0.542181607288938	-0.0416231435139309	-0.613719723915375	-0.627168919998566	-0.143057841689107	-0.302801098671482	0	0	0	0	0	0	0	0	0
ENSGALG00000015984	-0.0126199693106521	-0.0395250935165823	-0.037738554692897	-0.0802312716368583	-0.236977155783455	-0.0569105828469683	-0.0311741005537565	-0.180608255390334	-0.384028793570612	0	0	0	0	0	0	0	0	0
ENSGALG00000016024	-0.300959177139486	-0.0886797349292578	-0.0843180958669412	-0.330154157530169	-0.851784059188757	0.0564240474602431	-0.398605926801924	0.00846857881518637	-0.0448982875673922	0	0	0	0	0	0	0	0	0
ENSGALG00000016108	-0.622113824990683	-0.365954455070682	0.008439487199424	-0.444557306824815	-0.739114320377308	-0.384039542415366	-0.380094451930368	0.0829677589891311	-0.368175724600311	0	0	0	0	0	0	0	0	0
ENSGALG00000016438	0.4087993066673	0.637682155320143	0.363467611227299	0.633535751362376	0.287800659856354	0.683430458337915	-0.0416881160744138	0.205981677148328	0.188441185396741	0	0	0	0	0	0	0	0	0
ENSGALG00000016467	-0.625228763221269	-0.501334788157074	-0.33918980299125	-0.382628419991997	-0.616458887242695	-0.451489901997798	-0.660156259778903	-0.324982837282644	-0.37285371345878	0	0	0	0	0	0	0	0	0
ENSGALG00000016496	-0.216925432766534	-0.14273193099643	0.0200026557084181	-0.140701639671817	-0.223470622263971	0.0024609199787049	-0.101764860236093	-0.0849258025342321	-0.282681090215835	0	0	0	0	0	0	0	0	0
ENSGALG00000016654	0.0224463372044501	-0.274472560163951	-0.080091723863033	-0.2404276620196	-0.0388506405527647	-0.846128077827235	-0.719318933555411	-0.193018241778521	-0.360320868293742	0	0	0	0	0	0	0	0	0
ENSGALG00000016716	-0.453991396381181	-0.42931559142894	-0.314775871011348	-0.192762539051799	-0.654215009222119	-0.398832816536013	-0.282492367602535	-0.46919015958646	-0.2526008218477	0	0	0	0	0	0	0	0	0
ENSGALG00000016774	-0.511908089238473	-0.612561577417482	-0.448968612954785	-0.62993021338502	-0.0858249267913029	-1.14073162379387	-0.751827943115237	-1.45552470509364	-3.00102699205987	0	0	0	0	0	0	0	0	0
ENSGALG00000017558	0.921056528419503	0.928051286946392	0.977610199870208	0.728251760613323	0.980787340683499	0.911408163661006	0.858375842045964	1.08568233098102	0.883141693466422	0	0	0	0	0	0	0	0	0
ENSGALG00000017706	0.635300802298407	0.784609447098211	0.62782211700786	0.705947751669517	0.637401167513952	0.874202954457434	0.590926919892599	0.567697580455796	0.751052885816055	0	0	0	0	0	0	0	0	0
ENSGALG00000018343	-0.543727853208422	-0.685268155839941	-0.628675846163092	-1.11683173163384	-0.573240381987508	-0.900773199033293	-0.740174193508214	-0.960174580867127	-0.515912769988133	0	0	0	0	0	0	0	0	0
ENSGALG00000018479	-4.85076296207378	-4.48908978549525	-4.86542508109209	-4.76696290181721	-4.12123844695113	-4.45230961638558	-4.2724467200101	-4.70430652948493	-4.53128411549936	0	0	0	0	0	0	0	0	0
ENSGALG00000018565	0.762943795215041	0.653854095257289	0.577517868522819	0.338631529213942	0.599410046157152	0.825180457304664	0.732427434069468	0.711656183504789	0.529395489800558	0	0	0	0	0	0	0	0	0
ENSGALG00000018874	0.906011073551558	0.475235290874642	0.281934259066479	0.503415015407325	0.963713671691655	0.400106767340709	0.605398411442671	0.588179508079774	0.666586229753136	0	0	0	0	0	0	0	0	0
ENSGALG00000019201	-0.0350997210966488	0.16296204530475	0.0670071213179533	0.0363139687752945	-0.026484996571142	0.646327371140765	0.950259185680794	-0.0538159348354821	1.08409778926666	0	0	0	0	0	0	0	0	0
ENSGALG00000019277	-0.104621769325716	-0.134208958435622	0.0508309271414369	-0.108578402606948	-0.0563963382956238	-0.405427506031522	-0.416986153480721	0.0416015646128365	-0.414075338598451	0	0	0	0	0	0	0	0	0
ENSGALG00000020523	0.614733354539919	0.402917675319459	0.331457472388207	0.764109497107209	0.569380698938858	0.585703120197829	0.986123036778467	0.725674350952723	0.519337481242893	0	0	0	0	0	0	0	0	0
ENSGALG00000020528	0.855784777707444	0.968765461077604	1.09068019359179	0.929613773094824	0.689539679801386	0.818607477137554	0.463197564572904	0.905230348916291	0.629003315444285	0	0	0	0	0	0	0	0	0
ENSGALG00000020534	0.671442296648061	0.953275895732427	0.696449609658867	0.862427139448444	0.661933277934146	0.703436704929662	0.94330680023395	0.512075063747451	0.640261051427141	0	0	0	0	0	0	0	0	0
ENSGALG00000020569	0.739820308401219	0.703211050901653	0.460164212540976	0.432651231313647	0.2494959679556	1.01077117924721	0.619870755912435	0.259123526274458	0.559273139677739	0	0	0	0	0	0	0	0	0
ENSGALG00000021355	0.54738333918391	0.347578712016087	0.506073245730547	0.459146904281369	0.975634413473952	0.494107669134169	1.12984555113538	1.10911433441199	0.799782675514412	0	0	0	0	0	0	0	0	0
ENSGALG00000021365	0.926256576709833	0.920245955141009	0.903503278268799	0.727777033849225	0.768783993022857	0.504196895091082	0.734762642915936	0.936653800262194	0.713566937942215	0	0	0	0	0	0	0	0	0
ENSGALG00000021378	0.46741417931442	0.686612313165715	0.601119982734843	0.368871793177051	0.448788278876088	0.0104248557322943	0.320630840168587	0.59132109577818	0.518239132984714	0	0	0	0	0	0	0	0	0
ENSGALG00000021692	0.52732687628122	0.297129281449204	0.173443303431751	0.484715056194911	0.166645482962261	0.0684916400643196	0.126363056725936	0.246031469796993	0.435653852225758	0	0	0	0	0	0	0	0	0
ENSGALG00000021842	1.58479335948097	1.1844797204469	0.74144482421014	1.28813972643606	1.12484139378308	0.0554179979563587	1.53455144931463	1.10606758869025	0.716008545671952	0	0	0	0	0	0	0	0	0
ENSGALG00000021843	0.562236856527494	0.337438243914736	0.578276344694157	0.432201901012554	0.50813006097809	0.201236963161795	0.204522636531481	0.321069563695332	0.39474575573443	0	0	0	0	0	0	0	0	0
ENSGALG00000022174	-5.52429582723688	-5.47020193542937	-4.74732361430678	-4.94080682638277	-5.05761448067519	-4.70464257962357	-4.84374768339611	-4.68785349818854	-4.39065338107984	0	0	0	0	0	0	0	0	0
ENSGALG00000022611	-2.0086083592131	-2.08653581685158	-1.7707027356378	-2.0683410186837	-1.63227511096156	-1.97471926469644	-1.97606900253531	-1.6589740386916	-2.04520274488215	0	0	0	0	0	0	0	0	0
ENSGALG00000022674	-7.05935940109516	-7.10172502935404	-6.80848674429156	-6.25147702437823	-6.43935112511925	-6.41516176366344	-6.37708883081017	-6.37921060962763	-6.57327955513119	0	0	0	0	0	0	0	0	0
ENSGALG00000022679	-5.26063135014006	-4.80403706080023	-4.75595752837066	-4.4289918334947	-4.80880715579957	-4.91516627261676	-4.70436848464662	-4.96335260607174	-5.2377962618931	0	0	0	0	0	0	0	0	0
ENSGALG00000022683	-3.98329994088335	-3.74041808528119	-3.65871721711832	-3.43756107552637	-3.53661429716527	-3.23361261114994	-3.44252821584542	-3.09969847163599	-3.23290320553077	0	0	0	0	0	0	0	0	0
ENSGALG00000022685	-5.23605996291064	-5.3037197579456	-5.38363972779989	-5.24256685126529	-5.58138366364465	-6.0584635673034	-6.12188030478182	-6.39155666661088	-6.38199831906406	0	0	0	0	0	0	0	0	0
ENSGALG00000022690	-3.08016009870671	-3.48418972343346	-3.48885092826433	-3.53952534596628	-3.4105395122741	-3.72404949923875	-3.93771905882773	-4.11897750392816	-4.34092863380375	0	0	0	0	0	0	0	0	0
ENSGALG00000023042	1.03693471889051	-0.010290153788393	0.602779519399993	0.633674115490777	0.439472780373708	0.997589207267343	-0.000345727057903034	0.778047059563551	0.783607720272288	0	0	0	0	0	0	0	0	0
ENSGALG00000023379	1.10657013883834	0.342375785150196	0.879129324244526	0.950831223301559	1.21340555826637	1.26490735247565	0.676964097151323	0.65882065750723	0.923030704652718	0	0	0	0	0	0	0	0	0
ENSGALG00000023409	0.520252037110785	-0.124204207555026	-0.0703194625819812	0.871756787110402	0.749694136833446	0.306187203188383	0.117249935263978	1.00824012281038	1.32215069918472	0	0	0	0	0	0	0	0	0
ENSGALG00000024938	0.104205365490072	0.47987334387571	-0.0205856769049855	0.313169806210681	0.510393098330074	0.565924123158483	-0.112678254619204	0.795175125261584	0.1373129419582	0	0	0	0	0	0	0	0	0
ENSGALG00000025733	0.0721777006660718	0.175840434878552	-0.35576727916433	-0.487017047166057	-0.0386683763720566	-0.411870558103793	-0.444482894433595	-0.344971710569294	-0.387686403943274	0	0	0	0	0	0	0	0	0
ENSGALG00000025842	0.607887194444693	0.538202406224004	0.54730091621192	0.774883526047817	0.857178752363894	0.195838294611974	0.94711298933987	0.0755949385754953	0.0371929079439681	0	0	0	0	0	0	0	0	0
ENSGALG00000025868	0.466261510313882	1.09351135281606	0.976404483777034	0.776012968734489	0.54270028938359	0.519260125145902	1.24147531063182	0.175441675506583	0.559807480091288	0	0	0	0	0	0	0	0	0
ENSGALG00000025921	0.539041915676372	0.229444738289416	0.821328899622544	1.41223379355073	0.281118916361099	0.394644437853151	0.0645658323794859	0.0792858843149034	0.051346670860508	0	0	0	0	0	0	0	0	0
ENSGALG00000025956	0.00605420605067319	0.0396600905898992	-0.347666778614743	0.0190212089868425	0.13214676555438	-0.437928062148839	0.0842869185221895	-0.237376684043364	-0.82146939595348	0	0	0	0	0	0	0	0	0
ENSGALG00000026001	0.84731150593997	0.735121923435683	0.503344349069477	0.455358967964533	0.788915879230101	1.0100567935217	0.514680039225852	0.842101260026442	0.324777148188754	0	0	0	0	0	0	0	0	0
ENSGALG00000026019	0.0250562219803836	-0.321972635033235	-0.274189181326123	-0.248499692768405	-0.353907836123467	0.257885535800727	-0.0415529118807831	-0.442571101043236	-0.645370963466852	0	0	0	0	0	0	0	0	0
ENSGALG00000026028	0.941344744843524	0.431889756949139	0.637536968538411	0.682855332341021	0.714413997975711	0.612934029494724	0.309000540718271	0.541892876750645	0.837507825539229	0	0	0	0	0	0	0	0	0
ENSGALG00000026107	0.327624234171388	1.09659586929402	0.915620251484666	0.834019493707116	0.919732764480712	0.146809970317841	0.190425264839313	0.839189658318662	0.387819142344356	0	0	0	0	0	0	0	0	0
ENSGALG00000026195	0.993433457373479	1.1741116209462	0.825561638578107	0.754778346589089	0.707730187383501	0.0476065706849615	1.23642977360602	0.808410324957122	0.598142603480819	0	0	0	0	0	0	0	0	0
ENSGALG00000026203	0.750144017734544	1.0213842632165	0.772752732492208	0.943274843717484	0.957941443637211	1.73515314850872	0.529232726430896	0.30697585371487	0.134006942263338	0	0	0	0	0	0	0	0	0
ENSGALG00000026300	0.741317501010332	1.02133987116376	0.752903725900845	0.861759255862506	0.760197295057432	0.638868503843289	0.7259100897071	0.91247957666516	1.03783009031959	0	0	0	0	0	0	0	0	0
ENSGALG00000026538	-1.08799255772331	-1.2373981428657	-0.981197728569056	-1.10920764389796	-1.35574638378572	-1.67902954491126	-1.98010353673587	-2.13037149750335	-2.43697387916607	0	0	0	0	0	0	0	0	0
ENSGALG00000026547	0.584019918608877	0.529177723414016	0.717841672263833	0.679800512300702	0.740945387915168	0.623129085563765	0.335992271227561	0.656299912254775	0.412282991110215	0	0	0	0	0	0	0	0	0
ENSGALG00000026588	-2.2339905262555	-1.94610647807515	-2.19251695624032	-1.77101503910735	-0.718864814169465	-0.942678966670305	-1.1555911490707	-1.09255494443445	-1.08468514499414	0	0	0	0	0	0	0	0	0
ENSGALG00000026757	0.964589284483488	1.12207724588032	0.879426593118973	0.800279682964084	0.682196470041264	0.925671978899818	-0.0127837828671709	0.83217790991343	0.979660290112284	0	0	0	0	0	0	0	0	0
ENSGALG00000026776	-0.4008507922333	-0.527787897634654	-0.558852034513004	-0.64347931903441	-0.574053509714522	-0.512960773956483	-0.661530696325953	-0.447351246638728	-0.310264050742391	0	0	0	0	0	0	0	0	0
ENSGALG00000026824	0.0172178579357953	0.542723179585442	-0.235356241792368	0.634560453650603	0.730601438292431	-0.0127564582405792	0.339345294990758	0.100452799317611	-0.23001303438346	0	0	0	0	0	0	0	0	0
ENSGALG00000026884	0.092593493788607	0.206930286756911	0.66682729572213	0.749046203541395	0.405091803983044	0.034543616324803	0.937663490075286	0.779029341291992	0.142703162912817	0	0	0	0	0	0	0	0	0
ENSGALG00000026928	0.298552461979829	0.0614064240874888	0.465639992570806	0.66725289488715	0.77502952617627	0.162555117644475	0.73140163054779	0.783890010388473	1.00032924235555	0	0	0	0	0	0	0	0	0
ENSGALG00000026991	-2.2983948588213	-2.31059110674399	-2.51722966671272	-3.02004693390397	-3.74201228189525	-3.42828107830423	-3.00081228698252	-3.19748897430283	-2.84321335736319	0	0	0	0	0	0	0	0	0
ENSGALG00000027035	-0.406264611913196	-0.246107334521371	-0.193664755213948	-0.0341378455545414	-0.214193451408839	-0.109574094864795	-0.328217613486531	-0.138100659482998	-0.0899257942595781	0	0	0	0	0	0	0	0	0
ENSGALG00000027075	0.498252338933007	0.600490678410313	-0.0372026162761498	-0.133656647198028	0.269116783137212	0.259247767619706	0.817827743366263	0.222305927900777	-0.0816185703818451	0	0	0	0	0	0	0	0	0
ENSGALG00000027080	-1.75474409327515	-1.79538086328925	-2.05372599276507	-1.86915040169272	-1.24377766729845	-1.46283168729108	-1.45381437419743	-1.45491475240472	-1.24136797372118	0	0	0	0	0	0	0	0	0
ENSGALG00000027116	0.567281674474042	0.470020987893759	0.311285084587972	0.0946590590869407	0.11728672132445	0.84626569033308	1.04531508542387	0.0613423703176981	0.433975817085819	0	0	0	0	0	0	0	0	0
ENSGALG00000027140	0.366349951938551	0.57055121993389	0.123061063205187	0.0256690415378831	0.135852288997383	0.0230272364176152	0.542932352149606	0.551185165651413	0.394223887851442	0	0	0	0	0	0	0	0	0
ENSGALG00000027170	-1.8458937198438	-1.69850975552651	-1.49683099974397	-1.34967177897036	-1.06210484252159	-0.698553106759373	-0.559784258747229	-0.372973682492137	-0.69028873862768	0	0	0	0	0	0	0	0	0
ENSGALG00000027261	-2.68369304809539	-2.56670763825875	-2.63014004066178	-2.18197024290232	-2.039430921101	-2.05181678651843	-2.23829185018592	-1.93846792643153	-1.8262642416581	0	0	0	0	0	0	0	0	0
ENSGALG00000027295	0.550281238846227	0.724563376700923	0.667173512688441	0.5916675625453	1.19762287128809	0.217846709288185	0.768536107657147	0.956163272948746	0.932015503890801	0	0	0	0	0	0	0	0	0
ENSGALG00000027315	0.833863222118027	0.241262304451933	0.147223169617939	0.175864669457328	0.24151383069396	-0.169919784595301	-0.398238940165034	0.678854953022189	0.675731162321257	0	0	0	0	0	0	0	0	0
ENSGALG00000027332	0.563973367679061	0.593950048858344	0.437406938386276	0.695480438387714	0.823884305904323	0.604750930088369	0.427491267888163	0.846746666799288	0.381884207273668	0	0	0	0	0	0	0	0	0
ENSGALG00000027334	1.2951496267568	1.04520675190859	0.954895015742327	0.763178664891722	0.929185820189703	0.825841243233524	1.22355007761892	1.05145750072887	1.31412581266177	0	0	0	0	0	0	0	0	0
ENSGALG00000027418	1.42431325997675	1.33334422714365	0.790454211902603	1.56261140672684	0.929045023979581	0.558947087051336	1.34774789953945	0.977094355260405	0.550745767011711	0	0	0	0	0	0	0	0	0
ENSGALG00000027428	0.768055732976769	0.0911506927151868	0.162805615235897	0.198156776872604	0.749496651377729	0.635502617947012	-0.0223416628987501	0.761858242031356	0.377539763799135	0	0	0	0	0	0	0	0	0
ENSGALG00000027472	0.512402125024587	0.57022267784115	0.472606539757205	0.340252790800442	0.52367235057119	0.422432155561582	0.378880393529254	0.734191752978804	0.94863193633049	0	0	0	0	0	0	0	0	0
ENSGALG00000027564	0.823590219057711	0.300851512142157	0.822420223962808	0.923956995002057	0.838910927983194	0.875301506295329	0.593366919742209	0.78445661651607	0.588278991384436	0	0	0	0	0	0	0	0	0
ENSGALG00000027714	0.832022183929965	0.847426327524637	0.644226315853027	0.768076528884715	0.633427295943767	0.612697553578354	0.777123614342305	1.08057425301382	0.918722959171202	0	0	0	0	0	0	0	0	0
ENSGALG00000027761	-0.0303790523309244	0.204309527227498	0.118801979253838	0.431351146825734	0.608076977460648	0.24346375968119	0.237790172622718	0.623364549917938	0.315917072040676	0	0	0	0	0	0	0	0	0
ENSGALG00000027843	-2.93756114505587	-2.85251248815962	-2.74186433262413	-3.24522263410776	-2.01066137790811	-2.09408486275447	-1.87859748086795	-2.40222867851377	-2.71036581361831	0	0	0	0	0	0	0	0	0
ENSGALG00000027895	-3.20169728679816	-3.50501927487221	-2.91675540959518	-3.57265100134227	-2.62808199646606	-2.96177302841983	-2.39019442894842	-2.52096683878305	-2.83209390365259	0	0	0	0	0	0	0	0	0
ENSGALG00000027927	0.817330590304142	0.966594184084165	0.859788190353527	-0.0242502461903049	0.906408192638814	0.498702427142078	0.427417154729895	1.04153890337166	0.575761338283835	0	0	0	0	0	0	0	0	0
ENSGALG00000027932	0.746294409763695	0.910508807963418	0.461197048577327	0.887590186318418	0.671974591615649	0.931730165326591	0.433355348733785	1.0355497281794	0.412006515949461	0	0	0	0	0	0	0	0	0
ENSGALG00000027963	1.08006350554662	0.850190648722059	0.930723288358934	1.12532804551731	0.967784390519551	0.583772197276021	0.506515212325477	1.02004469785517	1.17938689252288	0	0	0	0	0	0	0	0	0
ENSGALG00000028014	-0.807345810217218	-0.983653167486964	-0.95191099525923	-0.576997069171855	-0.568723328769554	-0.868808300962847	-0.674995118132531	-0.527471339114658	-0.550708767708462	0	0	0	0	0	0	0	0	0
ENSGALG00000028026	0.685295642123335	1.10111878025387	0.958011091756365	0.683272730098286	0.916534109825426	0.870311719927456	0.312547426222364	0.812746359892372	1.14440464728128	0	0	0	0	0	0	0	0	0
ENSGALG00000028063	0.33738548345091	-0.0988293227501336	-0.0222130547055368	0.573489912776695	0.630120978211504	0.480068283727852	0.572307704899472	0.762448367258251	0.61357751643119	0	0	0	0	0	0	0	0	0
ENSGALG00000028133	-0.288297919181463	-0.421452792422731	-0.492406202396752	-0.109352157427366	-0.329271115091391	-0.0353840565661434	-0.257560813924938	-0.0378310947522511	-0.0598754837353326	0	0	0	0	0	0	0	0	0
ENSGALG00000028135	1.10387565031075	1.00224424525712	0.743973282201236	0.640514977839336	0.844828910435194	0.966472074610342	-0.154917900442933	0.947152883676026	0.604902924521935	0	0	0	0	0	0	0	0	0
ENSGALG00000028149	0.844605201404782	1.00441413703778	0.792990777213651	0.748754197749319	0.891405072395541	1.06937420071423	0.957835063548695	0.680423898254694	0.85428059301889	0	0	0	0	0	0	0	0	0
ENSGALG00000028168	0.8236505516964	0.966648458906821	0.722233925944347	0.902677641857352	1.10863572636414	0.837374844424636	0.941871465062464	0.91126538048321	0.855823561315529	0	0	0	0	0	0	0	0	0
ENSGALG00000028267	0.385456731765934	0.514493469820578	0.348632985446903	0.422234202523347	0.693015716281727	0.672899559471933	0.715497706358345	0.616789345409574	0.641364183167925	0	0	0	0	0	0	0	0	0
ENSGALG00000028284	-0.560932273445028	-0.30207891219943	0.327299846981126	-0.310594862531678	-0.232044719167995	-0.704644947609627	-1.99291363625496	-0.966421914972001	-0.283212619585021	0	0	0	0	0	0	0	0	0
ENSGALG00000028294	0.16763660452416	0.64852983689951	0.511624506647801	0.280680669595771	0.762494756687692	0.10372275244747	0.8461557392754	-0.0301335262756566	-1.17619138007055	0	0	0	0	0	0	0	0	0
ENSGALG00000028298	0.370020632790713	0.893890499327096	0.403287337175405	0.64246045458862	0.154467010089499	0.734988935592027	0.0440781044590695	0.579720644717464	-0.202209828812075	0	0	0	0	0	0	0	0	0
ENSGALG00000028307	-4.34738548754303	-3.90513021158699	-4.25423806921568	-4.12588152265722	-3.69095988312443	-3.65325422589583	-3.76488602582777	-3.88067500514269	-3.86176606209997	0	0	0	0	0	0	0	0	0
ENSGALG00000028340	0.303873506485889	0.748849717318758	0.485494477556573	0.0723329814200211	0.114063723960528	0.21388769026267	1.09052056646201	0.374475017249834	0.634869938026561	0	0	0	0	0	0	0	0	0
ENSGALG00000028371	0.40187985155246	0.594043707862959	-0.394883797872909	1.2135381368489	1.0227813030311	0.871643661954963	2.56601452601304	0.488643280073505	0.0901652594894484	0	0	0	0	0	0	0	0	0
ENSGALG00000028628	-0.277900396031678	-0.126827494008638	-0.497213021518429	-0.0740889030237493	0.163290642219823	0.752102436232686	0.859094627098858	2.07962290744118	2.0877964774835	0	0	0	0	0	0	0	0	0
ENSGALG00000028691	-0.028506456200545	-0.309333379098546	-0.00570356685880213	-0.107642671096293	-0.130152119696138	-0.254768061407669	-0.0964346225948418	-0.184652746956171	-0.276923968167017	0	0	0	0	0	0	0	0	0
ENSGALG00000028736	-0.0604088619391884	-0.0606827496170057	-0.110058098412587	-0.0833385953997447	0	-0.333132030177474	-0.253774124996511	-0.144263227690352	-0.305241977865332	0	0	0	0	0	0	0	0	0
ENSGALG00000028748	0	0	-0.0609319137109044	-0.0833385953997447	0.0635484430139337	-0.0957995266476426	-1.47375517248099	-2.85796313257387	-5.00021928343033	0	0	0	0	0	0	0	0	0
ENSGALG00000028861	-0.0079461666844729	0.137382130751833	-0.399975001208196	-0.352881687662958	-0.172073547120373	-0.315146176159422	-0.322157254552657	-0.0701048454243125	-0.165578697972879	0	0	0	0	0	0	0	0	0
ENSGALG00000028901	-0.0552945223558843	-0.185166317535959	-0.41814245544634	-0.449110791016769	-0.285758899100565	-0.170794387474397	-0.548028553348352	-0.283382101420837	-0.728979975796407	0	0	0	0	0	0	0	0	0
ENSGALG00000028913	-2.92887002197034	-2.76247699495744	-2.50753905019405	-2.54124988301094	-1.33956149140614	-1.62174146195533	-2.1896024798031	-1.89430808309608	-2.20856551089335	0	0	0	0	0	0	0	0	0
ENSGALG00000028998	1.09238223253865	1.16793163208946	0.930823573338308	1.00762536952951	1.11457559032204	1.18675756221203	1.11394856931737	1.01707812910379	1.34874266822928	0	0	0	0	0	0	0	0	0
ENSGALG00000029049	-1.14028848433658	-0.918609608734627	-0.889185993514978	-0.829355705374487	-0.568960526164063	-0.792898336228598	-1.14089247777638	-0.605549871885521	-1.0900811823339	0	0	0	0	0	0	0	0	0
ENSGALG00000029099	-0.302268956925298	-0.185166317535959	-0.63476166108419	-0.518061801549501	-0.435083566358613	-1.09206736900713	-0.901575189249247	-0.870078969906585	-0.983136253268474	0	0	0	0	0	0	0	0	0
ENSGALG00000029118	0.663465057840618	0.868616712679295	0.766686661731556	0.852300308894317	0.864368356000593	0.679505497388023	0.984565523083119	0.82576778935036	0.877469299180778	0	0	0	0	0	0	0	0	0
ENSGALG00000029162	-4.78554043036377	-4.53974388919871	-4.45424977860017	-4.57508229544618	-3.98591454715286	-3.61387021442439	-4.12514268380653	-4.05914056266188	-4.42322195076582	0	0	0	0	0	0	0	0	0
