-4	-3	-2	-1	0	1	2	3	4	V1	V2	V3	V4	V5	V6	V7	V8	V9
ENSGALG00000000004	0.298537544345089	0.182607337047273	0.0993532792939922	0.176385917395894	0.126366323089675	0.0152501791252364	-0.146824524515837	0.0675721159727241	1.14211568156776	0	0	0	0	0	0	0	0	0
ENSGALG00000000140	-3.19929111133443	-3.20800659916419	-3.03410319071634	-2.71541317335959	-2.45445531075156	-2.45182215009713	-2.56577863185385	-2.56860302092809	-2.38988382482044	0	0	0	0	0	0	0	0	0
ENSGALG00000000151	0.819229143800649	0.753789273489627	0.923285191898654	0.603658135683936	0.508489697768128	0.435845338098982	0.745206771572212	0.474616404452362	0.351287794681522	0	0	0	0	0	0	0	0	0
ENSGALG00000000189	0.646664532876263	0.673200185771119	0.697822267665781	0.761398022896953	0.676416478474324	0.634316961293869	0.887427358220625	1.16784543207086	0.913112345617503	0	0	0	0	0	0	0	0	0
ENSGALG00000000208	0.233263234513748	-0.0404810312227051	0.235029857645977	0.102877459543176	0.0568762467885304	-0.0642875499384479	1.10212616531668	1.11182456124647	0.496951057104734	0	0	0	0	0	0	0	0	0
ENSGALG00000000215	0.466170578563358	0.52498058137143	0.0676263403328292	0.458722661505393	0.388562636797237	0.303472945897882	0.579017632503375	0.761562915253347	0.986991115308277	0	0	0	0	0	0	0	0	0
ENSGALG00000000218	1.00730193875615	0.752443849564863	0.915327749042349	0.865223913124922	0.723683354879505	0.816761986378262	0.912492706368456	0.867299293790282	1.39144231259117	0	0	0	0	0	0	0	0	0
ENSGALG00000000241	0.855591939575467	0.828027206979344	0.569847961059944	0.450637825111782	0.831378580630146	0.607723026839926	0.697677264944417	0.858339007820494	0.797723490106289	0	0	0	0	0	0	0	0	0
ENSGALG00000000244	0.75637090530592	0.53302881250547	0.490973988191731	0.419651681511068	0.62586574505919	0.851794188319346	-0.238040179027958	0.259415422180971	1.08365402076442	0	0	0	0	0	0	0	0	0
ENSGALG00000000247	0.964490961619726	0.71849214666306	0.643441777545887	0.861437205652085	0.882264939303838	0.582542251231111	0.899154317802662	0.408436328833477	1.03953059324587	0	0	0	0	0	0	0	0	0
ENSGALG00000000264	0.331147379400208	0.584871085237936	0.408948980339421	0.426143303880226	0.482355552032378	0.472508537378284	0.743525846947877	0.770962138139533	0.927405474205827	0	0	0	0	0	0	0	0	0
ENSGALG00000000273	0.439431620756445	0.230901684196795	0.240042387026015	0.18374300083264	0.13448224857388	0.381749196228221	0.491675947859896	0.571941154457652	1.1990499401842	0	0	0	0	0	0	0	0	0
ENSGALG00000000308	-0.0381765783868735	0.420993696972303	-0.0882769940222055	-0.262222315441478	-0.00457172905189207	0.54171986151762	-0.69516957707046	-0.434813981807712	-1.84738695663553	0	0	0	0	0	0	0	0	0
ENSGALG00000000386	-7.0509736991297	-6.9883794831567	-6.449134876163	-6.45765954419533	-6.63974117705373	-6.49998073357302	-6.78311030882898	-7.0448332438384	-6.89970959594584	0	0	0	0	0	0	0	0	0
ENSGALG00000000395	-5.95433489713967	-5.78381720746669	-6.01096057508379	-6.22361146563262	-5.86332862558219	-5.48544459369702	-6.0164971279863	-6.06813062337895	-6.17942446541911	0	0	0	0	0	0	0	0	0
ENSGALG00000000428	1.08182981098104	0.874169837485723	0.826287299060497	0.707171217023093	0.959014345250134	1.16951544935732	0.194884760671964	0.489902135299707	0.802628690770166	0	0	0	0	0	0	0	0	0
ENSGALG00000000495	-0.0416563890191277	0.0979424166450071	-0.0684914321368355	-0.0281095478588629	0.00994658733002129	0.138014093952211	-0.239357591164844	-0.323583773824407	-0.7724826676043	0	0	0	0	0	0	0	0	0
ENSGALG00000000576	-0.142090742567818	0.381033589907873	0.00310052053853882	-0.0422882634981523	0.186887128452029	0.434499868471796	-0.152691819527737	-0.385426713840324	-1.05226102291473	0	0	0	0	0	0	0	0	0
ENSGALG00000000638	-0.0412155393075775	0.0830796951941561	-0.0848875622056005	-0.0401849843353004	-0.0866622744199201	-0.199263707093268	0.260984411675733	-0.414028151245119	-0.870193140215048	0	0	0	0	0	0	0	0	0
ENSGALG00000000720	0.0689949894540045	-0.367877387494145	-0.286153722779428	-0.457032952228119	-0.0059405127084613	0.087089147756215	-0.76714661557881	-0.632948769720082	-1.24535721522475	0	0	0	0	0	0	0	0	0
ENSGALG00000000723	0.0560212339851773	-0.0141637098557288	0.0130558354801771	-0.0709485310595497	0.0453508699041656	-0.0499837098208884	0.176998972720622	0.102314571139088	0.905569878649946	0	0	0	0	0	0	0	0	0
ENSGALG00000001630	-0.148212620196229	-0.0665176761160104	-0.236986794934634	-0.122829576825294	-0.0934098609118896	-0.120907908637974	-0.0104655417376947	-0.156567967055414	-0.483487515144784	0	0	0	0	0	0	0	0	0
ENSGALG00000001668	0.519792463848638	0.499600133935374	0.377840466402513	0.561802972938089	0.465517229238026	0.418538165599777	0.241525184872419	0.741577515910356	1.01927037924277	0	0	0	0	0	0	0	0	0
ENSGALG00000001677	0.420731592150813	0.361856105969941	0.14460414293679	0.598176493407809	0.539916833230828	0.627042452394754	0.0817569563719598	0.656345729098557	1.24678955819749	0	0	0	0	0	0	0	0	0
ENSGALG00000001717	-0.151958196258433	-0.0848602763683353	-0.149059208655096	-0.0749671559536811	-0.00781212693487632	-0.316448464189364	-0.752796281945781	-0.238033101571553	-0.343425961944959	0	0	0	0	0	0	0	0	0
ENSGALG00000001732	0.188495092328421	0.5967582526538	0.439961586757231	0.487211489854459	0.564276901448881	0.00012947853765688	0.612978488539675	0.937191409557815	0.72625582910065	0	0	0	0	0	0	0	0	0
ENSGALG00000001745	0.185459789054756	0.227545992328496	0.399154449707462	0.393883155885932	0.150895094610103	0.117745503376812	1.49343183212315	1.17183706139703	0.0916331856555912	0	0	0	0	0	0	0	0	0
ENSGALG00000001756	-7.05475232423681	-7.56207194460533	-7.48015309700153	-7.83632513071901	-7.29009422363875	-7.65523552633823	-8.10469580727456	-7.85933678383316	-7.18274395281105	0	0	0	0	0	0	0	0	0
ENSGALG00000001761	0.665577471948741	0.981786894683768	0.642799113403453	1.04027307651232	0.669378439421363	1.27132931568747	0.468428225199021	0.541824695720473	0.285813111100816	0	0	0	0	0	0	0	0	0
ENSGALG00000001763	0.45687815524409	0.462445921565433	0.181118492757165	0.259698943598595	0.49478869194037	0.528806845706622	0.605919322758574	1.00189472108443	0.709128300896947	0	0	0	0	0	0	0	0	0
ENSGALG00000001765	0.781058493206611	0.61281225485685	0.661539493556958	0.764983839640055	0.758682197753726	0.561165344725784	0.720039228563309	0.926187566513287	0.777621915634244	0	0	0	0	0	0	0	0	0
ENSGALG00000001782	0.903369380208377	0.768546600480967	0.636918532574278	0.747259596776217	0.788895288428363	0.598421873278207	0.525006843675457	0.631949666169374	1.07839733557584	0	0	0	0	0	0	0	0	0
ENSGALG00000001801	0.937750058626943	0.724911423431328	0.757096266406801	0.623769144557242	0.507839248608556	0.633966561769325	1.02050546775981	0.439916850728256	0.734609662889325	0	0	0	0	0	0	0	0	0
ENSGALG00000001808	-0.0128194980504297	-0.108915156655371	-0.248866832920657	0.114825044919675	-0.842759961707864	-1.24009556699186	-0.747784335035682	-0.743374370537452	-0.029021371360034	0	0	0	0	0	0	0	0	0
ENSGALG00000001843	0.499150899281874	0.29046429444372	0.369867070780343	0.399914672949057	0.678820246642569	0.160241508166905	0.746600139138144	0.764615363627994	0.831648942571423	0	0	0	0	0	0	0	0	0
ENSGALG00000001851	0.473781103808303	0.720188739865753	0.436514161897239	0.603345868291973	-0.264145210326098	0.184183160155299	0.324919547907127	0.102184466538709	-0.0274340688684303	0	0	0	0	0	0	0	0	0
ENSGALG00000001864	0.798964348719134	0.880501238910441	0.676599806062292	0.855163042907796	0.890957445451174	0.471730274588753	0.822454695747814	0.631301501295167	1.07808580539617	0	0	0	0	0	0	0	0	0
ENSGALG00000001944	0.75276791036766	0.318948481334465	0.568366612092347	0.430437303046147	0.173148728945018	0.335855727519857	1.56082365357443	0.825450791278618	0.0319095984724349	0	0	0	0	0	0	0	0	0
ENSGALG00000001947	0.804671499250703	1.11042490804014	0.716065137135055	1.04299263411033	0.752053332422957	0.658006542680529	0.770712510875702	0.784594631932449	0.820739864851324	0	0	0	0	0	0	0	0	0
ENSGALG00000001954	1.25306293718807	0.7803277126143	0.57843068503355	0.571583933580889	0.468315805693283	0.775455613360023	0.537489595808891	0.790705371256113	0.709044993939687	0	0	0	0	0	0	0	0	0
ENSGALG00000001986	0.754116298800549	0.607280361105802	0.827371818162475	0.650839612946916	0.622149413456793	0.560010081123785	0.485158259231359	0.534270285827216	0.919586837882393	0	0	0	0	0	0	0	0	0
ENSGALG00000002009	0.847567200710391	0.657439597640865	0.682951621278432	0.637485796001548	0.467529174188874	0.681599257849517	0.774141519732464	1.32018645878222	-0.0299716230934504	0	0	0	0	0	0	0	0	0
ENSGALG00000002014	0.0658262286304483	0.174277745115894	0.0188354084116913	0.116092217313105	0.144754056977486	0.0402932087890058	0.377730357934443	0.306146266559864	0.611613939983808	0	0	0	0	0	0	0	0	0
ENSGALG00000002022	0.552395906135688	0.608729972779019	0.781466899148977	0.711354761661506	0.43246524010397	0.41812509607233	1.53210188174541	0.594659916519417	0.225996676260968	0	0	0	0	0	0	0	0	0
ENSGALG00000002069	0.105829681668393	0.865126456347951	0.316608645314095	0.169369013061081	0.346431823853505	0.395069233792904	0.534978196477151	0.984366227549199	-0.134294579231391	0	0	0	0	0	0	0	0	0
ENSGALG00000002087	0.11486427312348	0.263215138384135	0.0484771126248926	0.248785251503517	0.194446424539374	0.019486704030224	0.278126304117529	0.360490523568522	0.553289648219608	0	0	0	0	0	0	0	0	0
ENSGALG00000002110	0.506580117826255	0.615434796875268	0.528635744320134	0.826565130280009	0.726508145785925	0.300158194469166	0.713134869872589	1.07113100791072	0.630093119438465	0	0	0	0	0	0	0	0	0
ENSGALG00000002125	0.843307140171023	0.70031077980385	0.554051080027318	0.741071608199174	0.78044952297746	0.720259777038919	0.0212908283953031	0.664457443350559	1.52173606226445	0	0	0	0	0	0	0	0	0
ENSGALG00000002162	0.0557315387641415	0.192398788127209	0.0857582691117429	0.147787181770484	0.234623871486682	0.0444787848122905	0.408360036526286	0.0247799624580942	0.673180104937806	0	0	0	0	0	0	0	0	0
ENSGALG00000002187	0.85030763673726	0.830800903744698	0.826465179640713	0.841804942169484	0.965013324979331	0.641886361747439	0.550472177671415	0.455631529312279	1.22076270463136	0	0	0	0	0	0	0	0	0
ENSGALG00000002210	0.0938684165028487	0.154189954490313	0.256338979252082	-0.0443806891476317	0.116642164284589	0.355847392618456	0.356018346359132	-0.147961809533831	-1.43596292731306	0	0	0	0	0	0	0	0	0
ENSGALG00000002250	0.820546445462445	0.761996834297556	0.726390060393837	0.452287580280498	0.272218094911465	0.404390270444764	0.813228366934331	0.524674648176032	0.639520884166938	0	0	0	0	0	0	0	0	0
ENSGALG00000002266	-0.237736730931367	-0.218368787213444	0.323973588904868	0.651329165161352	0.14356208574429	0.128353923794949	1.34425166534189	0.426413428430115	0.773646905758345	0	0	0	0	0	0	0	0	0
ENSGALG00000002294	0.558153462705272	0.195518536742649	0.339569340906168	0.36496611463326	0.327000508863202	0.737193618819283	0.102678246296929	0.402865534890695	0.0325946577478664	0	0	0	0	0	0	0	0	0
ENSGALG00000002308	0.630083126201429	0.925486856545513	0.764500608082308	0.669779318932295	0.63791432718765	0.656134150915203	0.760833733347545	0.211645399542073	0.578129861338303	0	0	0	0	0	0	0	0	0
ENSGALG00000002341	0.48055354708372	0.68056343456552	0.513204991404673	0.507467711305489	0.421948772779244	0.116197793639775	0.711235169488906	0.284005612832239	0.952875985288017	0	0	0	0	0	0	0	0	0
ENSGALG00000002345	0.438917808164319	0.356570335716776	0.172833619534536	0.2322387394987	0.474092366390548	0.432725915108844	0.355566823397927	0.248493584062079	0.400525114362371	0	0	0	0	0	0	0	0	0
ENSGALG00000002394	0.774535525893216	1.00707641201641	0.742667546291199	0.819200294743826	0.999983578068409	0.858106668755877	0.935946158550991	0.675398583149194	0.250481340384174	0	0	0	0	0	0	0	0	0
ENSGALG00000002399	0.610137458262894	0.349902583539074	0.178904605041727	0.325511530400538	0.363995648067012	0.362907784310916	0.599831271360781	0.346786278292451	0.363297355824514	0	0	0	0	0	0	0	0	0
ENSGALG00000002419	0.814472420947746	0.367626413226321	0.400221329795404	0.760959483896605	0.523578128457308	0.614610437860328	-0.00594275862469207	0.676092169394045	1.15449104995513	0	0	0	0	0	0	0	0	0
ENSGALG00000002430	0.446109991821791	0.168473285439105	0.12784028511893	0.0881731934316949	0.192509656446339	0.215125480605691	0.139072635642948	0.0401111814635762	0.407582409118584	0	0	0	0	0	0	0	0	0
ENSGALG00000002523	0.574986027612386	0.362240370284271	0.271882075632748	0.370121771439587	0.349466017175644	0.295462256216929	0.665454772300251	0.516181053312621	0.145464829686039	0	0	0	0	0	0	0	0	0
ENSGALG00000002599	0.241740978480114	1.32315139265304	1.2178889951981	0.370660258302303	0.80736057461817	1.0958585474501	0.76416872895284	-0.00416229089271347	0.204062230224021	0	0	0	0	0	0	0	0	0
ENSGALG00000002605	1.16158724385894	1.37610847192226	0.94259510550202	0.854041427891172	0.912148973725355	1.71562602134998	0.520019486163541	0.557898967166039	-0.0322991062734719	0	0	0	0	0	0	0	0	0
ENSGALG00000002696	0.933841387678624	0.742174334475109	0.703274944971309	0.850868254315968	1.14245397024249	1.02449246200127	0.736427921593753	0.553328384383207	0.306798489626889	0	0	0	0	0	0	0	0	0
ENSGALG00000002722	0.248936030354055	0.690756528783046	0.0478883610278835	-0.217489487722752	0.0237436193435627	0.396743470883028	-1.1839185543566	-1.24994420622162	-1.30610534177411	0	0	0	0	0	0	0	0	0
ENSGALG00000002744	-0.0776615141443333	-0.216524967259251	0.251943430152315	-0.148620514360069	0.341457551634116	0.181726671179892	-0.213367004123227	0.762162180476763	2.28369251471827	0	0	0	0	0	0	0	0	0
ENSGALG00000002777	0.903421086234282	0.920423837575548	0.734279670299813	1.01177041548567	0.992563277698926	0.843335721399423	-0.408897628063249	0.420474202582914	1.34873146790923	0	0	0	0	0	0	0	0	0
ENSGALG00000002805	0.370506217210234	0.198737501899807	0.389839271763121	0.279084172552849	0.144296014362203	0.19225369146669	0.475339106579845	0.183544609459671	0.441250625221253	0	0	0	0	0	0	0	0	0
ENSGALG00000002852	0.70319597986869	0.548970587710276	0.468536153704603	0.690716316390901	0.732539669831283	0.788802861786325	0.521742559838985	0.600237753879732	0.65759669462261	0	0	0	0	0	0	0	0	0
ENSGALG00000002872	0.71012605242097	0.650578247026752	0.421589598674052	0.735843142992127	0.688783859271008	0.574412130664025	-0.342445444356721	0.546405690058783	0.92465235297054	0	0	0	0	0	0	0	0	0
ENSGALG00000002917	0.367021564105513	0.191931425036052	0.26049060052699	0.371503801706698	0.534915952787546	0.475853984307689	0.231212358988747	0.291912623026289	0.46718794491793	0	0	0	0	0	0	0	0	0
ENSGALG00000002948	0.810249837447816	0.413625739299508	0.408385871275578	0.418045607683058	0.539781707952081	0.696445878141154	-0.00461728621284951	0.117108813288335	0.864655372458862	0	0	0	0	0	0	0	0	0
ENSGALG00000003019	0.478551054611081	0.578923932951025	0.515039810824333	0.555949509809298	0.517262236673394	0.0889900417000709	0.580745516113867	0.791417037036624	0.410242507660882	0	0	0	0	0	0	0	0	0
ENSGALG00000003087	0.118426499711064	0.124471772682086	0.0966889806910789	0.129570890995726	0.111003816015765	-0.00394269748879417	0.181414682348458	0.137395261948219	0.611595637880591	0	0	0	0	0	0	0	0	0
ENSGALG00000003168	0.471977435230845	0.495458484995057	0.258049214554555	0.391961282273025	0.335402572339918	0.476859542180291	0.223886231498455	0.525660168127676	0.939787800583929	0	0	0	0	0	0	0	0	0
ENSGALG00000003235	0.309965812012229	0.472477242000108	0.372426109550985	0.400683659262055	0.296249563415876	0.170133263193271	0.539325879165189	0.383782374828177	0.94424342834979	0	0	0	0	0	0	0	0	0
ENSGALG00000003258	0.135159671379778	0.0463153603397597	-0.115218059476477	-0.154084016403919	-0.0964051589322898	0.273420291804156	0.451420115766141	0.427346790531266	0.121219363135866	0	0	0	0	0	0	0	0	0
ENSGALG00000003288	0.876365378618592	0.904938129866497	0.64212600245652	0.761099910347535	0.738145537424841	0.803639020829832	0.650646144208416	0.574231423214168	0.906283867068206	0	0	0	0	0	0	0	0	0
ENSGALG00000003295	0.772162701820192	0.638617631434336	0.87784237379338	0.765876510518451	0.832656605432643	0.382825165238027	1.18367383473591	0.553308088972765	0.380340367239656	0	0	0	0	0	0	0	0	0
ENSGALG00000003326	0.812321411450455	0.858672462634088	0.505496169448382	0.662204521009142	0.706461623052413	0.475179327032301	0.0608755916462576	0.137971290436234	1.12217675112844	0	0	0	0	0	0	0	0	0
ENSGALG00000003345	0.024678902850896	0.290873766672052	-0.284023695090101	-0.139724340492384	-0.00817317754920843	-0.213424901506356	-1.42272257143468	-0.619969960770075	-1.03787484767547	0	0	0	0	0	0	0	0	0
ENSGALG00000003365	1.00942795180639	0.868211852438593	0.825805635649657	0.697870305429741	0.748864274084295	0.4747179242877	0.508039442498259	0.364131049584878	0.972704618266755	0	0	0	0	0	0	0	0	0
ENSGALG00000003373	0.956825235023972	0.662976296028136	0.722428880032577	0.696505764857423	0.693574179408085	0.719941337022044	0.676302641438823	0.541791259333121	1.08141145066679	0	0	0	0	0	0	0	0	0
ENSGALG00000003387	0.572555280011803	0.235474844664444	0.268062185109814	0.285319467117776	0.292839699570854	-0.258916688734049	0.151489953384031	0.45547821143697	1.16332217072906	0	0	0	0	0	0	0	0	0
ENSGALG00000003547	0.250771981310918	0.181327724426309	0.237533374526699	0.249278636730645	0.245546800199431	0.156643762119469	0.628785885338537	0.0782845101901097	0.399841559594139	0	0	0	0	0	0	0	0	0
ENSGALG00000003558	0.38282832968124	0.358639720453765	0.211797678552786	0.317837621970731	0.278218088463121	0.350975750409511	0.44605933675237	0.354477850982954	0.716383316242953	0	0	0	0	0	0	0	0	0
ENSGALG00000003605	0.784251233192918	0.700853467457525	0.607191559428554	0.731423065397114	0.65656566007587	0.539687793453401	0.596176105549392	1.0890611060615	1.2430749287832	0	0	0	0	0	0	0	0	0
ENSGALG00000003631	0.730787203168815	0.573054615528505	0.42717360721945	0.693185592443077	0.568693423284616	0.475062888145874	0.281327445279508	0.730655429301078	1.12687261533907	0	0	0	0	0	0	0	0	0
ENSGALG00000003688	0.749879839687837	0.715981219308288	0.701472175528682	0.817167143833993	0.693981840404626	0.610247260617697	0.697836465951829	0.524960264882492	0.869347729942891	0	0	0	0	0	0	0	0	0
ENSGALG00000003708	0.878322449807421	0.782508218704966	0.782865611356428	0.751232057745581	0.79721274570511	0.691993104602042	0.846268070277885	0.634139515681289	1.15701629233257	0	0	0	0	0	0	0	0	0
ENSGALG00000003750	-0.00717065278435136	-0.187829895272828	-0.0728285191899047	-0.119794572800861	-0.626326751123522	0.0536539021685698	-0.376966338359863	-0.547210768262628	-0.770170760111535	0	0	0	0	0	0	0	0	0
ENSGALG00000003775	0.417629852636311	0.346211472071956	0.286162680038715	0.609888861374647	0.583179829394322	0.433445604875264	0.593751547558887	1.16400489321328	0.938341697253342	0	0	0	0	0	0	0	0	0
ENSGALG00000004170	-0.574618861277543	0.358095916119309	0.240335703558738	0.0249554780599466	0.174970947952809	0.0685662768922697	1.60393567542285	0.994777563450967	0.310444775541759	0	0	0	0	0	0	0	0	0
ENSGALG00000004311	0.648600143787918	0.190120040995071	0.122481393329549	0.343500967120737	0.351495720186763	0.407791874640511	0.292777217586792	0.586562269402878	0.796558856172283	0	0	0	0	0	0	0	0	0
ENSGALG00000004350	0.781669260019305	0.587054888011004	0.421378086351218	0.524761530404304	0.612886728355124	0.456425596816936	0.642006441091749	0.551354607599915	1.18298374647289	0	0	0	0	0	0	0	0	0
ENSGALG00000004351	-0.193207627660915	-0.213217063546183	-0.171130976462597	-0.257306568450006	-0.0271617702387887	-0.113586141062333	-0.0535808838559801	-0.110420204637715	-0.895153355664764	0	0	0	0	0	0	0	0	0
ENSGALG00000004353	0.782464473522672	0.873630519345456	0.742787411584305	0.62581257333546	0.770755799345727	0.844072252129829	0.654950593227682	0.513463383921539	1.29612639844019	0	0	0	0	0	0	0	0	0
ENSGALG00000004390	0.57698822374535	0.682614563875665	0.59314964699614	0.688965898423538	0.435963230305047	0.345715500900803	0.808116992212765	0.458915663404718	1.09823367515626	0	0	0	0	0	0	0	0	0
ENSGALG00000004438	0.564025739646061	0.671704533734663	1.00583888251963	0.702263308478188	0.642292484125729	0.4298815925395	1.59882967187061	0.318743372934256	0.169179600078978	0	0	0	0	0	0	0	0	0
ENSGALG00000004446	-0.178167418089934	0.457149213005082	-0.00983293422376708	-0.0428044860676682	-0.0278819759139792	0.103390413037353	-0.593051287234297	-0.191764480252711	-0.983561444335519	0	0	0	0	0	0	0	0	0
ENSGALG00000004476	0.296278972931455	0.0950884230128652	-0.326988097138662	-0.0272810479205816	0.155473635722693	-0.0466887230120605	-0.486186581881299	-0.508863068977245	-1.86889074457207	0	0	0	0	0	0	0	0	0
ENSGALG00000004491	0.692097828880159	0.750098722890915	0.739512619723627	0.865582806363427	0.246024680336409	0.152839637351552	0.460316705159705	-0.0341492526140015	0.134004711837032	0	0	0	0	0	0	0	0	0
ENSGALG00000004543	0.0201623722330719	0.12727263028202	0.508095558618966	0.0312392485312336	-0.527349514881275	0.0991227584328702	1.80436182929573	1.12722796293346	0.207617841237369	0	0	0	0	0	0	0	0	0
ENSGALG00000004849	0.178503004004778	-0.00309814107461648	0.53779443889978	0.40553628526578	0.587863253422926	0.488789709134823	1.11797209896524	0.251765891602465	0.0208496540804055	0	0	0	0	0	0	0	0	0
ENSGALG00000005016	0.704796509173358	0.453552764665925	0.498420351204227	0.643900978040657	0.601850265789993	0.743472625009601	0.911386282412916	0.336444877417905	0.386213839336317	0	0	0	0	0	0	0	0	0
ENSGALG00000005316	1.08507571294521	0.585396787814124	0.965128009200891	0.895875449953602	0.722754957228122	1.007658502018	0.813593358773	0.613151131146714	1.18006048213576	0	0	0	0	0	0	0	0	0
ENSGALG00000005330	0.810242278967177	0.733863949744666	0.939546580720789	0.571900150170783	0.444567023101139	0.558328765930749	1.13846540136298	0.672408236297912	0.0709008255793213	0	0	0	0	0	0	0	0	0
ENSGALG00000005337	0.577287457249684	0.361430281694009	0.356460547575036	0.464495671945913	0.373838628232827	0.669592196252674	0.599020721069915	0.625046031216627	1.05338169536897	0	0	0	0	0	0	0	0	0
ENSGALG00000005346	0.926998428287805	1.23209151006757	1.28914537819241	0.980920849869595	1.07927423684863	0.846107522478182	2.23321778295033	0.758025248935096	0.784911032949989	0	0	0	0	0	0	0	0	0
ENSGALG00000005351	0.349194956106685	0.856233657246172	1.21847053117488	1.54948871617375	0.747107185170926	-0.125543599243346	3.74395420806884	0.228649832253806	-0.018521496639137	0	0	0	0	0	0	0	0	0
ENSGALG00000005354	0.250526965264897	0.500191277298139	0.451966621119521	0.678129807893112	0.535864876855812	0.317279870458044	0.747653497302085	0.683778847579369	0.705799307843821	0	0	0	0	0	0	0	0	0
ENSGALG00000005368	0.610406855280821	0.528246187314958	0.359957570285678	0.460543835755114	0.357626716375075	0.409779274024206	0.626354635381236	0.631067222501988	0.818050581944024	0	0	0	0	0	0	0	0	0
ENSGALG00000005390	0.551887475469146	0.566284937074757	0.383861305269233	0.611379682785984	0.715219266220069	0.36978154492718	0.283762371317279	0.473765681592414	0.717517483660979	0	0	0	0	0	0	0	0	0
ENSGALG00000005395	0.832396157819892	0.772444188793771	0.741465450883621	0.883867837578135	0.889031163666147	0.768645148109863	0.51422434407548	0.500517084127207	0.829019853861643	0	0	0	0	0	0	0	0	0
ENSGALG00000005412	0.182501217644393	-0.215987897075319	-0.574588855549444	-0.375821229090957	-0.108848373408165	-0.346393152802246	-0.0632158758342403	0.552571536735593	0.367692529974454	0	0	0	0	0	0	0	0	0
ENSGALG00000005416	0.355192132037893	0.358957489090303	0.418176580809678	0.214779580320881	0.0894984157661507	0.215107442731694	0.0482215689386685	0.595940857016753	0.455402129455351	0	0	0	0	0	0	0	0	0
ENSGALG00000005433	0.927239923650193	0.749096645057433	0.429733088111939	0.658801449954457	0.613096895812347	0.538968219270024	0.58832449955159	0.633419510832685	0.686242419479504	0	0	0	0	0	0	0	0	0
ENSGALG00000005502	-0.122095411885307	0.720325625135999	0.447035014046835	0.116554913987944	-0.0480937861357317	-0.120495312984697	0.921766609428993	0.181122319738539	1.92653860822388	0	0	0	0	0	0	0	0	0
ENSGALG00000005577	-0.267149125280499	0.236088962238126	-0.0278670129526093	0.201209923399602	0.230147567389746	-0.304922069425509	1.08865199030598	0.964466514239629	0.868633833853155	0	0	0	0	0	0	0	0	0
ENSGALG00000005785	-5.71098922704927	-5.42712928073159	-5.61426434153617	-5.44082642384875	-5.54011098225168	-5.51804782613434	-5.19796612007323	-5.70201009610428	-5.21572860651573	0	0	0	0	0	0	0	0	0
ENSGALG00000005800	-0.00123704848601935	0.204727761794188	-0.0244117251783296	0.15623764610429	0.196466663735531	0.0577687420154973	0.184388915526165	0.257123818708037	0.617881376776375	0	0	0	0	0	0	0	0	0
ENSGALG00000005806	0.835311836320154	0.586287018523135	0.448193078449085	0.782253507884447	0.756864718732221	0.945827196322237	0.00083729632904328	0.0710342125518937	0.192666185389157	0	0	0	0	0	0	0	0	0
ENSGALG00000005812	0.581220197249754	0.492788762341676	0.627003467959588	0.603442354428288	0.658132373573614	0.35718383756608	0.00387041646455355	-0.0606981822346206	0.125513315634951	0	0	0	0	0	0	0	0	0
ENSGALG00000005821	0.788167876400057	0.157051019310206	0.333725156383159	0.547399234425175	0.608864777360148	0.562221665915584	0.466112265577503	1.13755539868152	0.830380792050478	0	0	0	0	0	0	0	0	0
ENSGALG00000005846	0.445742624493389	0.216955067873898	0.25063746710617	0.355440552806956	0.334073638897596	0.422864954371796	0.392450227903669	0.476606071562444	0.63658605818141	0	0	0	0	0	0	0	0	0
ENSGALG00000005897	-0.0561425642010871	0.0354980525450204	-0.0862951820957658	-0.235273994018257	-0.0302315486239815	0.143613366752564	0.31727149112927	-0.464606024078416	-1.12373698634329	0	0	0	0	0	0	0	0	0
ENSGALG00000005971	0.309127822590201	0.215342643340287	0.392356012632769	-0.115120916437631	0.0539454317155315	0.404026268322768	0.239177105296174	0.120601287264974	0.863658859304919	0	0	0	0	0	0	0	0	0
ENSGALG00000006348	-0.00583186725104046	-0.0326896844088571	-0.326489893049322	0.00468747249601531	-0.00611246196832216	-0.0438912597151413	-0.428585598669748	-0.381276490278895	-1.15442900354329	0	0	0	0	0	0	0	0	0
ENSGALG00000006409	-0.0297278992983889	-0.204447356671121	-0.220047459641531	-0.125211704202115	-0.0183258802258166	-0.0448389916777501	-0.900505723724137	-0.351840980524518	-0.322976344993407	0	0	0	0	0	0	0	0	0
ENSGALG00000006513	-0.194597654515253	0.030509665046349	0.068142809336384	-0.00422868097316782	-0.140484894578989	0.0325740460685875	-0.0548804672731558	-0.209343598735528	-1.05473612771896	0	0	0	0	0	0	0	0	0
ENSGALG00000006688	-0.0293137733402418	0.341930309270609	-0.0416104765134753	0.10601224713798	0.0897030593428756	0.21579924877944	0.103520437849195	0.0135579882476122	-1.05456897367604	0	0	0	0	0	0	0	0	0
ENSGALG00000006724	0.0797214059022053	-0.114003632861484	0.227258340264016	0.0455975119576539	-0.12225767383123	0.0736170205845212	0.540989934177744	0.761561489836356	0.49625502422634	0	0	0	0	0	0	0	0	0
ENSGALG00000006760	-0.00576600774038027	0.0169350423231176	-0.0545664845858278	-0.200696778780152	0.023863119628146	0.131577299206043	-0.00133810690368019	-0.336149577772078	-0.905010297773183	0	0	0	0	0	0	0	0	0
ENSGALG00000007044	-0.110381901903105	-0.103553440960843	-0.239630744168596	-0.247029188392758	-0.142425205619479	-0.141357375826042	-0.492083807440827	-0.536066094697216	-0.137727682730748	0	0	0	0	0	0	0	0	0
ENSGALG00000007109	0	-0.000968693342145541	0.0687086620422796	0.0663655733851266	0.00210947325187796	0.155303840486009	-0.0918192243576685	-0.0923502734212041	-1.88491203420735	0	0	0	0	0	0	0	0	0
ENSGALG00000007302	-0.0526091399231978	-0.0817159265322047	-0.14176451794332	-0.106371295381389	-0.319131578757013	-0.179478287364772	-0.140524206531767	0.11088023671257	0.601465145422653	0	0	0	0	0	0	0	0	0
ENSGALG00000007767	-0.337832973308656	-0.250521476570967	-0.146967408214117	-0.217292862692238	-0.163722897893535	-0.300851845672065	-0.142194411020926	-0.353211867222206	-0.317116902673333	0	0	0	0	0	0	0	0	0
ENSGALG00000007886	0.156123632197194	-0.0605416316527494	0.341718879841732	0.179926856115446	-0.217701017881542	0.041274563912916	0.156232172558089	-0.874499699954787	-2.02874469799161	0	0	0	0	0	0	0	0	0
ENSGALG00000008174	0.844090661709909	0.888885314991455	0.672594367624136	0.69242463303639	0.892103847473315	0.509586482758802	0.600007432323062	0.35856762803224	0.831713766865635	0	0	0	0	0	0	0	0	0
ENSGALG00000008197	0.611427489972262	0.428715715934782	0.261494360960625	0.404374908428768	0.356721790689231	0.262329518089897	0.622680833911446	0.439171935577069	0.515470045190201	0	0	0	0	0	0	0	0	0
ENSGALG00000008229	0.810109506690677	0.934880734645466	0.827675444811126	0.783712407771443	1.02726914677335	0.741817732593272	0.335900246679637	0.644636158115436	1.02492494779573	0	0	0	0	0	0	0	0	0
ENSGALG00000008237	0.410939065122074	0.64151794114553	0.760125145945769	0.500254424947346	0.49035282181357	0.237385625421624	0.546244754073717	0.31248772423373	0.784261270976216	0	0	0	0	0	0	0	0	0
ENSGALG00000008625	-0.186971591366829	0.0366218426940179	0.00724214796574074	0.001701989621683	-0.166030958986626	-0.0626867049331601	0.176210092177368	-0.249338256891179	-0.829720550008252	0	0	0	0	0	0	0	0	0
ENSGALG00000008811	-0.0540572632975529	-0.0859946486197574	0.250024387325902	0.253806726363519	0.00600456493239321	0.0199669612670412	1.07257019667737	0.57080633821601	-0.0753915579894011	0	0	0	0	0	0	0	0	0
ENSGALG00000008840	0.286349988357959	0.152987047158454	-0.417106451457607	-0.073472468822507	-0.323076542123996	-0.098569927894061	-0.388664081103456	-0.325244172289519	-0.525072260738547	0	0	0	0	0	0	0	0	0
ENSGALG00000008850	0.271181348213042	-0.291013960298844	0.203924944374024	-0.034795137875526	-0.259260628255991	0.0835121342042591	0.205107139578306	0.0708675754687258	1.14167628471046	0	0	0	0	0	0	0	0	0
ENSGALG00000008870	-0.374792384876416	-0.219942681582641	-0.33250894439439	-0.165409423016456	-0.215761139292134	-0.239658917294525	-0.397552311442648	-0.453203046660887	0.316670464196411	0	0	0	0	0	0	0	0	0
ENSGALG00000008887	0.694631195362915	0.724887342621439	0.548247869638113	0.712276037360375	0.726247608960683	0.585172795102373	0.597890854796209	0.57385729169268	1.11507450800582	0	0	0	0	0	0	0	0	0
ENSGALG00000009227	-4.3265982243634	-4.08992231219747	-4.3372683529894	-4.25220942260651	-4.21843001600546	-4.7069711159244	-4.21182336327871	-4.2081020763719	-3.95421622081593	0	0	0	0	0	0	0	0	0
ENSGALG00000009241	0.0352280269760801	0.331516298331159	0.450704045367234	0.226161903307702	0.183364947119151	0.492371956999954	0.624626482555062	0.0557184769662999	2.44896782083904	0	0	0	0	0	0	0	0	0
ENSGALG00000009935	-0.0282534427344863	0.243920475237996	0.326140957101293	0.17482417972574	0.302454367048825	0.0893357132261912	3.69627528563688	2.71337524455086	-0.067601197779619	0	0	0	0	0	0	0	0	0
ENSGALG00000010147	0.758269117920108	0.435518389496752	0.429995786811216	0.439722679346569	0.34522081595974	0.421734456440404	0.131912779642037	0.534036582596487	1.34432588411306	0	0	0	0	0	0	0	0	0
ENSGALG00000010164	0.329043429395472	0.157862303775042	0.236461634297989	0.226802431633901	0.275354821523997	0.128146038154643	0.12092074510319	0.248858668250527	0.579420550051644	0	0	0	0	0	0	0	0	0
ENSGALG00000010178	0.532853586794389	0.177527730080394	0.302742877378924	0.196132744290467	0.21657170260963	0.190305808901847	0.267090252316017	0.14608030964979	0.603596301723173	0	0	0	0	0	0	0	0	0
ENSGALG00000010187	-1.99103268736702	-2.35109206903585	-2.15822408061858	-2.3831704947595	-2.78551086755131	-2.65808244454541	-2.80998384161321	-3.17562412240684	-1.41102954804634	0	0	0	0	0	0	0	0	0
ENSGALG00000010228	-0.0110614760006369	-0.170968773044987	-0.138214359806191	-0.216561317233799	-0.120282533355422	-0.353725733833351	-0.00528189375954113	-0.345713862346623	-0.629607659523505	0	0	0	0	0	0	0	0	0
ENSGALG00000010440	-0.155942608666293	-0.268564967658526	-0.433004192511991	-0.413397417600594	-0.199108655637877	-0.716320340716974	-1.17953071574052	-0.754391470029703	0.242419170805274	0	0	0	0	0	0	0	0	0
ENSGALG00000010694	0.44237150631358	0.446370744128036	0.531140614093853	0.583438035928628	0.422110154428053	0.448079310065221	0.265486263950069	0.519797976982215	0.88948209521023	0	0	0	0	0	0	0	0	0
ENSGALG00000010721	0.0556181372348818	0.464317288826016	0.548966813957873	0.370854078630277	0.145236943345563	-0.0384673529497149	1.18401628925212	0.275387613299706	0.257309284641045	0	0	0	0	0	0	0	0	0
ENSGALG00000010815	0.0336614724528004	-0.0612771611403908	-0.555828843385337	-0.0377178959163418	-0.124865383099902	-0.258165516732	-2.78612988565105	-0.247724855053939	-1.66937820190235	0	0	0	0	0	0	0	0	0
ENSGALG00000010910	0.0563254625579352	-0.280939830910353	-0.477082471929011	-0.0403345093688774	-0.205112185605388	-0.189443448752997	-0.783371073223272	-0.126794155258612	0.239090181029253	0	0	0	0	0	0	0	0	0
ENSGALG00000011252	0.0896877253108648	1.17206726294216	0.322010033402728	0.392006065948497	0.0924593201934593	0.177653624341401	0.8587436918795	0.136539219266908	-0.0820346340770586	0	0	0	0	0	0	0	0	0
ENSGALG00000011284	-0.241901687713843	-0.0584724348676393	-0.0342868839515402	0.260039347089888	0.0914027105409732	0.297410762976064	1.42236114918451	0.497836069072439	1.76093760764199	0	0	0	0	0	0	0	0	0
ENSGALG00000011296	0.0600767769343769	-0.0300066500609937	-0.0800726825541114	-0.0252386702473757	-0.354135486653716	-0.396083596345723	-0.412206202382573	-0.420618092060814	-0.514016333210902	0	0	0	0	0	0	0	0	0
ENSGALG00000011475	-0.0809110320294293	0.00413733041535469	-0.0575428186254987	0.0408801179193095	0.0132436857018963	0.194753836558334	-0.244208591679113	-0.181359718282966	-0.753811470684304	0	0	0	0	0	0	0	0	0
ENSGALG00000011604	0.112435140582223	-0.242366950107856	0.182933400180342	0.0161223507642116	0.160138355566924	0.0363607625616567	0.90323923199229	0.36506734999826	0.946184523942075	0	0	0	0	0	0	0	0	0
ENSGALG00000011705	-0.283871235607389	-0.396250725187183	-0.161188504326688	-0.139445512956163	-0.239691210312268	-0.345695814098559	-0.308881927399475	-0.307236604454347	0.141913100696593	0	0	0	0	0	0	0	0	0
ENSGALG00000011994	0.0455386196216003	-0.296559239790442	0.163902610029802	0.356855166354616	0.597740483191994	0.386721672289703	0.883762524988166	0.228818439409799	1.58357817447876	0	0	0	0	0	0	0	0	0
ENSGALG00000012102	0.155109942024164	0.00333538376352216	-0.454305084406328	0.1280381308136	0.115465751198395	0.024574400969346	0.190045030615652	-0.237739239791112	-1.67314879652608	0	0	0	0	0	0	0	0	0
ENSGALG00000012188	0.157883666131225	0.0597124493554495	-0.0191461012518865	0.0511726294794772	-0.0995084929296355	0.193443506831719	0.587240537625706	0.351909523422615	0.602756503268349	0	0	0	0	0	0	0	0	0
ENSGALG00000012350	0.664255401559828	0.572175475921294	0.629526818510879	0.614045205497029	0.574038802277399	0.333544466411994	1.14349294136	0.626369564335744	0.824202139232082	0	0	0	0	0	0	0	0	0
ENSGALG00000012575	0.229150478248371	0.453114889185183	0.452276344908868	0.237765189242592	0.468774548276642	0.519371222775796	1.25704998690449	0.775596933997725	0.235510825583023	0	0	0	0	0	0	0	0	0
ENSGALG00000012585	0.422055569603476	0.417897770487204	0.337348480149586	0.497893078551233	0.364318236560385	0.160523452793353	0.388063006320207	0.914282837595271	0.957402220610686	0	0	0	0	0	0	0	0	0
ENSGALG00000012586	0.576301620025064	0.561734712565633	0.455824336168628	0.467549604284269	0.521743460601453	0.668491224147371	0.283283679496105	0.413045000725576	0.964616847471804	0	0	0	0	0	0	0	0	0
ENSGALG00000012589	0.766214423531484	0.414622050265869	0.569171619961942	0.578129659443035	0.469398877707539	0.729549574730927	0.534197778051138	0.291088748056094	0.860670987017162	0	0	0	0	0	0	0	0	0
ENSGALG00000012591	0.902808888838742	0.553880897068701	0.7425309344324	0.619163810512054	0.645529255818873	0.608002917760018	0.42258448841188	0.594148322543289	0.836326728854956	0	0	0	0	0	0	0	0	0
ENSGALG00000012592	0.812136980789574	0.766731797329449	0.628714630655983	0.722315390077362	0.553938184710475	0.356750847790387	0.331489056778731	0.629801840584245	1.55399834723229	0	0	0	0	0	0	0	0	0
ENSGALG00000012598	0.635341186946701	0.707578296381413	0.564434732890971	0.646047153352779	0.688734332403335	0.657948994829247	0.540591305672319	0.622299163735931	0.994762446789931	0	0	0	0	0	0	0	0	0
ENSGALG00000012607	0.623061505044774	0.499252731025377	0.42604549018407	0.545572143886433	0.651957093638178	0.575418701360451	0.69010290744055	0.689576259127139	1.09540537619555	0	0	0	0	0	0	0	0	0
ENSGALG00000012608	0.331360238970883	0.152222930389001	0.244824138492371	0.19328708967751	0.107334578287172	-0.0483226148116307	0.409368528056418	0.492021681021253	0.454678869018613	0	0	0	0	0	0	0	0	0
ENSGALG00000012615	0.594460848022957	1.00046656085713	0.469940010602577	0.662640874760811	0.510082946405064	0.45110855979458	0.119301343160089	0.0674169747146873	1.34045125718902	0	0	0	0	0	0	0	0	0
ENSGALG00000012618	0.84631198960936	0.497937714534491	0.748424668145886	0.689691402343341	0.423120461813066	0.839614059567175	-0.0791264478149314	0.375515879177517	0.114592309578032	0	0	0	0	0	0	0	0	0
ENSGALG00000012620	0.358555326805763	0.193919572027544	0.176237761280126	0.202522686649345	0.170400232791379	-0.0348182409094608	0.0589392882756181	0.383801321151873	0.697555242599043	0	0	0	0	0	0	0	0	0
ENSGALG00000012621	0.736696645140547	0.660623621599163	0.450394585959573	0.598162053864707	0.701239654550631	0.701438999543716	0.634694313196652	0.689417920529575	1.12114699767161	0	0	0	0	0	0	0	0	0
ENSGALG00000012623	0.185611006810118	0.361111402137967	0.399373643855504	0.270619402454244	-0.112341774142365	-0.512423990845648	-0.42541649993793	-2.2367374905219	-1.10018113330007	0	0	0	0	0	0	0	0	0
ENSGALG00000012624	0.596453604088506	0.695137059752045	0.567301233016079	0.537545467255653	0.517840746652219	0.906159138876483	0.205294161403504	0.445594457823297	1.00764424900109	0	0	0	0	0	0	0	0	0
ENSGALG00000012627	0.322032098812553	0.444063114618038	0.291422763414056	0.272393536458321	0.260544843039372	0.155766597194665	0.727842173196323	0.384187132172745	0.924128583204206	0	0	0	0	0	0	0	0	0
ENSGALG00000012629	0.550432648337957	0.514755987687784	0.432482088242867	0.475592382244546	0.240738550699543	0.724361797761121	-0.324307218953423	0.0878655340723968	0.210402700928317	0	0	0	0	0	0	0	0	0
ENSGALG00000012989	-0.040607078985357	0.188573065043809	0.315890920735893	0.022497609066511	0.371283843405523	0.584069364586435	2.98100791989893	1.97450775804185	0.407554267276202	0	0	0	0	0	0	0	0	0
ENSGALG00000013194	-0.049933970810693	0.00143799888098872	0.0321726578697676	-0.185686677394093	-0.383532029231637	-0.0122143552864085	-0.429254660754045	-0.573546924728486	-1.67794023549249	0	0	0	0	0	0	0	0	0
ENSGALG00000013312	-5.63825091602513	-5.81958482340288	-5.80473473418792	-5.75299494711334	-5.84139003700235	-5.7899098279452	-5.94729668949591	-5.92153640582713	-5.71231069252329	0	0	0	0	0	0	0	0	0
ENSGALG00000013350	-0.115326138240547	0.463566209950949	0.026485934376677	-0.0700973572921475	-0.226946933351888	0.879059995317423	0.0633476910465394	-0.450122226590416	-2.23748509682966	0	0	0	0	0	0	0	0	0
ENSGALG00000013377	0.389890748896595	0.115022589533753	0.214030514042104	0.309302186545649	0.230543218200602	0.118786590787908	0.200016931745375	0.44005105008409	1.41358220483017	0	0	0	0	0	0	0	0	0
ENSGALG00000013493	0.760668415856522	0.747594859954157	0.900477478762782	0.820720542708083	0.837381906337943	0.78211591877486	1.06147985051558	0.771732489307468	1.52659033594704	0	0	0	0	0	0	0	0	0
ENSGALG00000013510	0.796606744381548	0.777741750957351	0.649711436581118	0.71934761159071	0.830815954974102	0.628433260953383	0.536160933518674	0.592612305931703	1.07208321857554	0	0	0	0	0	0	0	0	0
ENSGALG00000013511	0.685694392810235	0.773918578227265	0.538271066197177	0.75247803155573	0.560931914086503	0.697836827249306	0.80883559507245	1.02240957137752	0.894191196873848	0	0	0	0	0	0	0	0	0
ENSGALG00000013512	0.690049560915356	0.70227281899165	0.399072962041804	0.578551142167981	0.651438468119952	0.566648898333405	0.3705174841566	0.57184911766222	0.758146554938476	0	0	0	0	0	0	0	0	0
ENSGALG00000013740	-0.285871747128827	0.377741995082914	-0.258715228968663	-0.152162476947764	-0.987548770271351	0.0147314105228418	0.150935685612352	-0.200959978025795	-0.544307178347728	0	0	0	0	0	0	0	0	0
ENSGALG00000013809	0.83694779945457	0.825719616122906	0.660178693028437	0.612090304893459	0.712922399381263	0.700221222743627	0.295636110245312	0.437389601558535	1.03085367666357	0	0	0	0	0	0	0	0	0
ENSGALG00000014003	-4.15851274632874	-4.05224836776115	-4.15772099266254	-4.08623935850057	-3.76344516235935	-3.46841857608426	-3.55419179505397	-3.87166551255758	-3.44005585179065	0	0	0	0	0	0	0	0	0
ENSGALG00000014022	-0.129384148016883	-0.2305260703845	-0.144761642477193	-0.196714539548181	-0.211120734511468	-0.0793816598773844	-0.312776437069235	-0.324607334739387	-0.478575044840787	0	0	0	0	0	0	0	0	0
ENSGALG00000014168	0.844076902745141	0.554976119862444	0.906777256655881	0.739550516136147	0.736049247810303	0.516421024255148	1.05656932096995	0.792860358916729	0.24282350147007	0	0	0	0	0	0	0	0	0
ENSGALG00000014184	-5.71216874269314	-5.80141132984258	-5.83420851739581	-5.96177595648993	-5.81008377340002	-6.01666759002619	-5.74504137900606	-5.83226701205404	-5.75774169699289	0	0	0	0	0	0	0	0	0
ENSGALG00000014317	0.178010289670327	-0.0688807121529127	-0.0872628699070264	-0.462502853789688	-0.282984962338272	0.648848593521125	-0.317942859230875	-0.623099816704136	-1.41024349532509	0	0	0	0	0	0	0	0	0
ENSGALG00000014366	-6.64628286820045	-6.86151268951428	-6.81885185666633	-6.39517589187506	-6.33088015163006	-5.70528774402787	-6.11870351498235	-6.42149059132795	-6.37595072386492	0	0	0	0	0	0	0	0	0
ENSGALG00000014441	-5.24402178815742	-5.45617384411964	-5.36826602573255	-5.30688542067719	-5.46159859002535	-5.2482307196401	-5.14680467389278	-5.49900221690251	-5.46999945741941	0	0	0	0	0	0	0	0	0
ENSGALG00000014447	-0.501020878281879	-0.603796806534522	-0.689177278772541	-0.817940083156238	-0.4546173713847	-0.166733148279388	-0.75898048707845	-0.451060210463355	0.1357474381947	0	0	0	0	0	0	0	0	0
ENSGALG00000014545	-4.37527891509159	-4.67403332623542	-4.36978143439127	-4.22281526441841	-4.22794560959546	-4.34938750524538	-4.247916032794	-4.33178518843068	-4.01317364512281	0	0	0	0	0	0	0	0	0
ENSGALG00000014584	-3.20684715812097	-3.08557893808955	-3.10338852357752	-2.7882279869628	-3.20022836238472	-2.96530933060377	-2.55543627636235	-2.7190803229393	-2.71519125217678	0	0	0	0	0	0	0	0	0
ENSGALG00000014589	-0.513249944800325	-0.567424925041268	-0.597202716852063	-0.594732721999662	-0.476681279025678	-0.215809255998895	-1.27491936148086	-0.87788477264092	-0.699314601572251	0	0	0	0	0	0	0	0	0
ENSGALG00000014642	0.711340471491893	0.503596126654112	0.296808657441512	0.464399084843286	0.455873164052775	0.513475969908516	0.29796757725817	0.809680325562539	1.25917402732181	0	0	0	0	0	0	0	0	0
ENSGALG00000014644	0.849036859246739	1.0301065791445	0.8555631580039	1.01437561844987	1.08507788539323	0.809837968031456	-0.148871183686961	0.586362227009829	1.02654986219838	0	0	0	0	0	0	0	0	0
ENSGALG00000014648	1.01952257085327	0.507611285311797	0.757467298806518	0.914206124976969	0.639127996362121	0.832391919053387	1.4377043376684	0.870263198220028	1.22379396402315	0	0	0	0	0	0	0	0	0
ENSGALG00000014649	-0.0385540494017858	1.09066077463453	0.821361658211916	0.435137486109769	0.550923434037362	0.402174645011233	1.26968719470319	1.36558923711814	0.679098502189369	0	0	0	0	0	0	0	0	0
ENSGALG00000014651	0.588817558693798	0.409879612670093	0.549806150403832	0.433095401562507	0.564722313258279	0.537380159500259	0.450851178301677	0.829580423983579	0.935180517575837	0	0	0	0	0	0	0	0	0
ENSGALG00000014661	1.20145306956002	1.17973782828283	0.746151983324627	0.84725918811734	0.881407378056358	0.693496161250955	1.01425699696589	1.02399820790507	1.17529186692414	0	0	0	0	0	0	0	0	0
ENSGALG00000014664	0.574307345242382	0.588313298874466	0.626104506861624	0.709068553176947	0.649110593048657	0.614064589881724	0.75656190229878	0.484775446337168	1.23587887484575	0	0	0	0	0	0	0	0	0
ENSGALG00000014670	0.850482251678026	0.923718575275196	0.449526109549975	0.822871798833413	0.672768172213944	0.336747503212056	0.546217209246913	1.05407519248875	0.911225416474362	0	0	0	0	0	0	0	0	0
ENSGALG00000014672	1.10308110204905	0.849093828996131	0.629140481471457	0.800222289810745	0.762536189064852	0.617348115839928	1.3699160421318	1.24069492129263	0.808063537099827	0	0	0	0	0	0	0	0	0
ENSGALG00000014673	-0.34445609757448	0.667633591571642	0.240153293944489	0.771406616613502	0.219149705822678	0.148962909012762	0.868388986662439	2.25825457315956	1.196706026881	0	0	0	0	0	0	0	0	0
ENSGALG00000014675	-0.106073889115598	-0.0280371266554686	0.490211529257738	0.881977445373292	0.390330174560725	-0.0421532522568098	1.28493178949481	0.123238805957874	0.959742927245391	0	0	0	0	0	0	0	0	0
ENSGALG00000014678	0.349444255164078	0.488446989009566	0.473410269146914	0.408059947177779	0.349255876340459	0.568792908600472	1.10206947306719	0.55908074179511	0.773089592066711	0	0	0	0	0	0	0	0	0
ENSGALG00000014682	0.2894001724051	0.0570985271925935	0.026204852206968	0.214077962349494	0.193356806500153	0.388972272355255	0.437826700153371	0.209715605219404	1.36443175902752	0	0	0	0	0	0	0	0	0
ENSGALG00000014684	0.714129143472809	0.68969581433009	0.716418528234143	0.601122589276542	0.665727534476877	0.654076732856506	1.25208016203737	0.753602230465957	0.805953356344043	0	0	0	0	0	0	0	0	0
ENSGALG00000014690	0.249176786277718	0.386256145434727	0.262527822890849	0.352056698205998	0.292258154262208	0.163859952086804	-0.15797804974383	0.375383493936591	0.40028670764517	0	0	0	0	0	0	0	0	0
ENSGALG00000014691	0.572045624442632	0.400100886183412	0.460992489232086	0.52938413636343	0.521633151482041	0.45315146465595	0.455802321221112	0.617466242719678	0.890065864674687	0	0	0	0	0	0	0	0	0
ENSGALG00000014697	0.85736839406906	0.638389445648217	0.826222335230115	0.667137523470452	0.745786780393669	0.564307839665202	0.702585665419027	0.451063383916053	1.07917147700355	0	0	0	0	0	0	0	0	0
ENSGALG00000014700	0.20066064205223	0.255547439153434	0.226479907249576	0.437677245035451	0.340328005823718	0.117367715940306	0.327879972888464	1.00084694280104	1.10649284343739	0	0	0	0	0	0	0	0	0
ENSGALG00000014703	0.0977505393656264	0.231465700144339	0.177929179687735	0.166429592282938	0.276797759205902	0.0954922267426115	0.468247262780185	0.312330464823104	0.828793375284944	0	0	0	0	0	0	0	0	0
ENSGALG00000014709	0.601356799439839	0.817021078324368	0.71164607231873	0.766733165065763	0.798589887445114	0.509451884197464	0.610978881506744	0.592914620960955	1.2016957072695	0	0	0	0	0	0	0	0	0
ENSGALG00000014711	-0.0903877966089182	0.397684471375482	0.221657279215671	0.201142267557305	0.324815256469657	-0.0646161994106338	1.3202222947993	-0.0751330384291276	1.03972931795745	0	0	0	0	0	0	0	0	0
ENSGALG00000014712	0.35103474478509	0.461237376934331	0.484357001201315	0.25986136752195	0.256894851492464	0.33423397661147	0.817100915558095	0.4919785401159	0.852593616723306	0	0	0	0	0	0	0	0	0
ENSGALG00000014716	0.0962649101749422	0.15269411514894	0.26808063040079	0.273014883378139	0.33506638804937	-0.0720942969103584	0.551661643642483	0.390596899447736	0.542983041498055	0	0	0	0	0	0	0	0	0
ENSGALG00000014718	0.11653870779889	0.468450228048706	0.378655524743339	0.3409064246992	0.44216781678339	0.0483516873401975	0.539099387847329	0.582295978914666	0.293500863266193	0	0	0	0	0	0	0	0	0
ENSGALG00000014719	0.939659609718403	0.727358182727751	0.537353365854901	0.771975039052119	0.544813525190292	0.716870458932803	0.943515535112745	0.370444362992873	0.0939889132920984	0	0	0	0	0	0	0	0	0
ENSGALG00000014721	0.452618736042127	0.497839251234662	0.488998076728682	0.494461444593329	0.759621159548619	0.365586244728148	0.39328669768499	0.932115684549156	1.03213020933628	0	0	0	0	0	0	0	0	0
ENSGALG00000014724	0.385972736430517	0.535435853409661	0.526088013609082	0.578154637100528	0.568696716727365	0.730392978137552	0.342326484430166	0.625399125833944	0.877274217978211	0	0	0	0	0	0	0	0	0
ENSGALG00000014725	1.05318052468137	0.437024364968143	0.2339207427255	0.755636968138016	0.446203487605536	0.633645843827795	0.420019409095014	0.797556478338678	0.482159631308652	0	0	0	0	0	0	0	0	0
ENSGALG00000014729	0.564548708474833	0.660776331122613	0.600482721385543	0.574146922115236	0.361746513345904	0.950680827574625	0.144382652808821	0.577669297960488	0.948467815727479	0	0	0	0	0	0	0	0	0
ENSGALG00000014732	0.992250910602558	0.730623184408901	0.715472386277998	0.914520632706029	0.926518374874	0.811190606627019	0.996540289291679	0.71247772324848	0.952116322253897	0	0	0	0	0	0	0	0	0
ENSGALG00000014734	0.535906690500743	0.592831393776448	0.608127800813372	0.518287188803927	0.409877215915503	0.215293957833682	0.751047566619939	0.449862497442394	1.08039668301773	0	0	0	0	0	0	0	0	0
ENSGALG00000014740	0.63334477508202	0.728281812780776	0.607185704696098	0.660748023494854	0.479604259539004	0.44727776507231	0.667409526907393	0.377885041835111	0.786896120136506	0	0	0	0	0	0	0	0	0
ENSGALG00000014747	1.04130787638594	0.596524122747431	0.587195359563321	0.623936987487384	0.700003733362061	0.624956955961651	0.212336605320338	0.472076311341818	1.17727288765695	0	0	0	0	0	0	0	0	0
ENSGALG00000014753	0.652179263198957	0.94794592413887	0.73120166186874	0.700948730083111	0.383875311049691	1.06075730630317	0.0521313799262724	0.475768782868543	-0.110192373089535	0	0	0	0	0	0	0	0	0
ENSGALG00000014756	0.743277833972535	0.696024283154814	0.748664475975397	0.757084523389956	0.923776498273364	0.514953067985816	0.692854953885806	0.43531080402901	0.867485654452199	0	0	0	0	0	0	0	0	0
ENSGALG00000014765	0.392777464138931	0.658574811773081	0.320930634874598	0.497812156766509	0.70515644358095	0.256337235249347	0.628323290631918	1.08994269512234	0.96669776079525	0	0	0	0	0	0	0	0	0
ENSGALG00000014767	0.620300339847687	0.800410433220418	0.628468920389157	0.637748526117859	0.569273074252925	0.838905468801514	0.76716250172815	0.78139097986586	1.0294054700342	0	0	0	0	0	0	0	0	0
ENSGALG00000014773	0.32461251085621	-0.0404905129034852	0.0906359769116012	0.24049203762864	0.385763907839269	0.255035043217543	-0.244477667528125	0.273498774907742	1.33723185046955	0	0	0	0	0	0	0	0	0
ENSGALG00000014775	0.5250093712126	0.377865312217954	0.347669678611233	0.438824221946665	0.563934924286169	0.628365694049613	0.154172623118526	0.63127932951703	1.38627615838321	0	0	0	0	0	0	0	0	0
ENSGALG00000014784	0.353518587483509	0.067338183940798	-0.0596767976678105	0.32755399332631	0.299886786148474	0.143655049217614	-0.522185681329713	0.550860881400657	1.41230962818202	0	0	0	0	0	0	0	0	0
ENSGALG00000014787	0.465925101874417	0.615684634488817	0.660482641251292	0.601973556990643	0.591500500179027	0.420714324041985	0.647792599641202	0.629654264077667	0.573127735192142	0	0	0	0	0	0	0	0	0
ENSGALG00000014788	0.856010310230035	0.856738374658093	0.666515329093647	0.769698563457027	0.641800832304068	1.42385398091891	0.181344407153431	0.576392858464304	0.2875060002023	0	0	0	0	0	0	0	0	0
ENSGALG00000014789	0.716101191059296	0.968638958199196	0.803538839905235	0.624110244023633	0.862621252458566	0.512545871193045	-0.0713951047959682	0.339644703348575	1.54385248470724	0	0	0	0	0	0	0	0	0
ENSGALG00000014790	0.855866199867084	0.646586088091129	0.736987378364605	0.674603926158227	0.586833275306482	0.79439968219923	0.575322344524777	0.483605008335267	0.728725238879846	0	0	0	0	0	0	0	0	0
ENSGALG00000014798	0.617383965909633	0.288765346626885	0.404973222658647	0.321354255769534	0.306544128912605	0.31584238534434	0.256594454157352	0.486080664466458	0.531539587643292	0	0	0	0	0	0	0	0	0
ENSGALG00000014810	0.607332216277682	0.463395167123817	0.528809179156241	0.530063335587823	0.577626714732769	0.673159174438362	0.805198116847241	0.855791876416074	0.893968246559636	0	0	0	0	0	0	0	0	0
ENSGALG00000014813	0.0771105372214107	-0.109334559982592	-0.475529868921399	-0.321799284330437	-0.644219660519186	-0.358469024899513	-0.553261112283562	-0.856549344870358	0.323492449686582	0	0	0	0	0	0	0	0	0
ENSGALG00000014826	0.78295328770912	0.254867277693422	0.416965568183333	0.562159937343372	0.433210804788006	0.563757524807693	0.451519475479319	0.514064062100139	0.615483698332274	0	0	0	0	0	0	0	0	0
ENSGALG00000014832	0.186737009997489	0.378599826876203	0.381487163967019	0.369912686703476	0.42810918616124	0.13077663454847	0.76684657862723	0.618768433259675	0.829028021907909	0	0	0	0	0	0	0	0	0
ENSGALG00000014835	0.649842397305431	0.590429668684419	0.849524846182685	0.642064035095842	0.898816299399316	0.393129480585426	2.39950023665925	1.41044187360244	0.0344123973696071	0	0	0	0	0	0	0	0	0
ENSGALG00000014840	0.582995319839872	-0.00286331636505111	1.11245725361199	0.231913232718042	0.510264708841636	0.184900657003159	3.38289558386159	1.67510982107362	-0.459075110922699	0	0	0	0	0	0	0	0	0
ENSGALG00000014851	0.722903719636774	0.559315935180688	0.673170419496608	0.538618364827788	0.537303909508561	0.462736113005949	0.860750981134182	0.771083559830905	1.46026143355825	0	0	0	0	0	0	0	0	0
ENSGALG00000014859	0.545043430993154	0.329742114323574	0.45843008638022	0.436726847630383	0.497456782416492	0.583355190726995	0.671915260890551	0.559201265384058	0.621318888490693	0	0	0	0	0	0	0	0	0
ENSGALG00000014863	0.708581752592192	0.512175718393143	0.483890902617684	0.575545520510026	0.545184962505317	0.245083001382616	0.216445878623492	0.107034113480064	0.394412020019649	0	0	0	0	0	0	0	0	0
ENSGALG00000014867	0.278458643037659	0.185838351932238	0.0694389931378581	0.181353917338479	0.104608933095757	0.427413387599191	0.181366518263278	0.100340663864053	0.493219624608257	0	0	0	0	0	0	0	0	0
ENSGALG00000014872	0.39560238509578	-0.202644316466671	0.284484337343708	0.0805569146576126	0.1742185828128	0.69057880263861	1.52691530842031	0.676828370895405	0.203674330567228	0	0	0	0	0	0	0	0	0
ENSGALG00000014874	0.814773315107276	1.10095196120593	0.896065380784284	1.06780708965928	1.11048538741517	0.793042464460259	0.440187944575008	0.49756810247523	1.00707391797477	0	0	0	0	0	0	0	0	0
ENSGALG00000014880	0.483212817381609	0.583012922451894	0.257724538491971	0.266283306756122	0.190034138599316	0.0166921607517683	0.696963893096678	0.502411224278799	0.806853269978405	0	0	0	0	0	0	0	0	0
ENSGALG00000014891	0.356238225053558	0.301793862491182	0.229208588059798	0.406853677994718	0.370728947143795	0.309784993545214	0.338213823784276	0.0651187057108693	0.805934602495487	0	0	0	0	0	0	0	0	0
ENSGALG00000014906	0.786411179585994	0.859388704032977	0.762688616032585	0.690797832764956	0.858715078119243	0.735548198711036	0.0704584502083803	0.538464533260361	1.00938738309272	0	0	0	0	0	0	0	0	0
ENSGALG00000014912	1.20195700525017	0.557840029534844	0.527194886799341	0.796656678078429	0.812942893066237	0.920006926126822	-0.0457967184519941	0.434562797254126	1.2387340274491	0	0	0	0	0	0	0	0	0
ENSGALG00000014916	0.602713681917971	0.917144427296035	0.728011878758375	0.790786247637498	0.86437327320301	0.599535367599552	0.941448813225199	0.807805463325294	1.21134409203339	0	0	0	0	0	0	0	0	0
ENSGALG00000014930	0.667632153376999	0.683820740131956	0.348078434153163	0.676779897351282	0.737370318961172	0.623132146692202	0.62160742443206	0.449068902807692	-0.027714425557273	0	0	0	0	0	0	0	0	0
ENSGALG00000014933	0.335970787893467	0.190460818964764	0.255233325699179	0.237424788013584	0.305386545062333	0.376644244897216	0.86785477155173	0.26438412059403	0.0905470667221966	0	0	0	0	0	0	0	0	0
ENSGALG00000014939	0.732115054317767	0.507022777084757	0.638198461350173	0.763511034919667	0.744968430622743	0.495970246245804	0.437579635638008	0.657813517826217	0.881715401608487	0	0	0	0	0	0	0	0	0
ENSGALG00000014942	0.893755015370012	0.575995044486679	0.754622740467277	0.650906009196984	1.07491702639048	0.576150462724019	0.877640342111599	0.799305645535524	0.914863850594926	0	0	0	0	0	0	0	0	0
ENSGALG00000014948	0.288809916672075	0.203087135259317	0.377547444242954	0.322746894341207	0.54413829216156	0.0802383588260795	0.66139726248208	0.454958249679866	0.739612926529903	0	0	0	0	0	0	0	0	0
ENSGALG00000014952	0.600042706322118	0.584846324657207	0.374673173698334	0.486867621195945	0.355386001540094	0.503920238665936	0.704541798084606	0.701537174457177	1.04814035100709	0	0	0	0	0	0	0	0	0
ENSGALG00000014956	0.165581382565033	0.80131881983585	0.033478434368857	0.553555144890373	0.321275778622837	0.589254200556475	0.865386053043236	0.91217598825716	0.912754493981966	0	0	0	0	0	0	0	0	0
ENSGALG00000014960	0.751129384296585	0.710943678174826	0.696193034276591	0.863740395962576	0.626551658722845	0.923509957767606	0.892184418627388	0.579127927335008	0.679350348495408	0	0	0	0	0	0	0	0	0
ENSGALG00000014978	0.267031046811457	0.0951516161027142	0.268081541168659	0.119268118887849	0.109689976022469	0.289052932519045	0.720809211014778	0.220602022156752	0.460962273683484	0	0	0	0	0	0	0	0	0
ENSGALG00000015002	0.889292341341938	0.513657270862492	0.460615770699026	0.534127479610104	0.605963704434384	0.505118210579792	-0.321714212241192	0.12760763021238	1.31395141779799	0	0	0	0	0	0	0	0	0
ENSGALG00000015014	0.119480831494753	0.261069732417505	0.0530930606691564	0.310239180225387	0.292688809048815	0.175777096929464	0.26099086102399	0.58270486486293	0.781919186998443	0	0	0	0	0	0	0	0	0
ENSGALG00000015019	0.445430990112777	0.240372601185653	0.242885366005742	0.307451037709512	0.18441278264518	0.344899457398388	0.62643958107833	0.527847996390385	0.758657129649492	0	0	0	0	0	0	0	0	0
ENSGALG00000015032	-0.136489146739358	-0.673488298186284	-0.493736960971485	-0.882276556712662	-0.445037934148409	-0.558068502734574	0.365852080003747	-0.0704549053059407	-0.579112263601781	0	0	0	0	0	0	0	0	0
ENSGALG00000015036	-0.0336528200044039	0.226052178045967	0.141488410030892	0.146830460385857	0.198735056986987	0.030184942106164	0.303539784193559	0.346048229000258	0.696248648608297	0	0	0	0	0	0	0	0	0
ENSGALG00000015071	0.482002817026138	0.869585661797251	0.676600743616328	0.714270401055628	0.90713349064468	0.457942263411312	0.773723513407825	0.864642975678019	1.11960607717651	0	0	0	0	0	0	0	0	0
ENSGALG00000015082	0.921409966197704	0.748922998278246	0.824787148833671	0.91566298646306	0.895464340501976	0.909005401807502	0.714158963306232	0.630127921976067	0.755520547277218	0	0	0	0	0	0	0	0	0
ENSGALG00000015083	0.251606445780021	0.171053336949354	-0.156476357588168	0.193887818072909	0.252325396568085	0.344982660353709	0.238364187002811	1.02479379147294	0.857485821548019	0	0	0	0	0	0	0	0	0
ENSGALG00000015090	0.705231806830942	0.699049182449483	0.717016944090107	0.729956543855252	0.716848858173304	0.730279425468915	1.27642631631229	0.522395379237409	0.991225782021908	0	0	0	0	0	0	0	0	0
ENSGALG00000015091	0.836861445623309	0.766598659833727	0.868189604429755	0.930237223475041	0.697349961201168	0.811246219111226	0.49067872565919	0.622439531830569	0.958366650798627	0	0	0	0	0	0	0	0	0
ENSGALG00000015097	0.438962274958651	0.562243234147739	0.421810333977419	0.687660978232057	0.0531631108591392	0.659143681960396	0.31094633244185	0.304247458886006	0.109112231579638	0	0	0	0	0	0	0	0	0
ENSGALG00000015101	0.697370427840728	0.558281865701229	0.509058673793929	0.259525740934071	0.789943526503471	0.46703837950613	1.24313549578824	0.372092989991292	-0.499241871520922	0	0	0	0	0	0	0	0	0
ENSGALG00000015103	0.673677063342112	0.456975352756647	0.300091607615012	0.678539748614318	0.516288438450158	0.646084024105338	0.484719063627917	0.404177310938189	1.08509719217148	0	0	0	0	0	0	0	0	0
ENSGALG00000015105	0.43648211396402	0.181321501820061	0.221996025530773	0.239999383343589	0.201963737879382	0.211124362327022	0.0435570526157161	0.323328959046475	0.813920701802291	0	0	0	0	0	0	0	0	0
ENSGALG00000015108	0.952110374263118	0.804792111450237	0.723052887862911	0.568372813767933	0.891751068062121	0.976941763968296	0.468985789772534	0.445447467513286	0.869060234140733	0	0	0	0	0	0	0	0	0
ENSGALG00000015110	0.492253802235039	0.679751686318792	0.364367180383734	0.322468788934099	0.606404702091019	0.321374860597647	-0.0504662212982554	0.0341849527122537	0.921870975485061	0	0	0	0	0	0	0	0	0
ENSGALG00000015118	0.807034497025829	0.425922965623054	0.500225640168219	0.7670929439891	0.555140224188997	0.557149906873322	0.450636357323392	0.193258671323063	1.03860420732431	0	0	0	0	0	0	0	0	0
ENSGALG00000015139	0.26764062275974	0.559597601342933	0.413238289684465	0.199821642993057	0.641182949885865	0.393024166675128	0.202084337254958	0.836229973056846	0.803419464907437	0	0	0	0	0	0	0	0	0
ENSGALG00000015141	0.305356816382405	0.0563293861241347	0.128515035129738	0.0705205184149538	-0.0172080317528032	0.128431116611898	1.18015624154095	1.2319332856242	0.590471935578476	0	0	0	0	0	0	0	0	0
ENSGALG00000015144	0.651872744497534	0.612645776724917	0.559329611099622	0.857243519699715	0.69571492524264	0.671754506383843	0.121468223660885	0.695804088095485	2.33763843338745	0	0	0	0	0	0	0	0	0
ENSGALG00000015145	0.910554192451321	0.782189589058136	0.97119725936432	0.247210630125186	0.317017063273451	0.11694340058988	1.06820487667622	0.449196517576597	0.966972375726408	0	0	0	0	0	0	0	0	0
ENSGALG00000015148	0.657611632194776	0.511142504221132	1.10471892179323	0.436567205974837	0.570547027722203	0.553478872995791	2.60277840944277	0.413781323573875	0.327443221430308	0	0	0	0	0	0	0	0	0
ENSGALG00000015155	0.296640132645005	0.487096400269265	0.121988867391673	0.293855868550215	0.334048163860688	0.131876082141594	0.0224217997951612	0.149181525991823	0.943296634342953	0	0	0	0	0	0	0	0	0
ENSGALG00000015156	1.00869808796721	0.623699499512475	0.572693221482313	0.593826267368987	0.589011563009264	0.862053619721803	0.825671400939523	0.528756558889484	1.27297586639667	0	0	0	0	0	0	0	0	0
ENSGALG00000015177	0.33958288554217	0.158512882439467	0.186529342608956	0.334583838325376	0.291440550244764	0.443971781814539	0.556840612407573	0.674451322967356	0.572551547881154	0	0	0	0	0	0	0	0	0
ENSGALG00000015179	0.665801538756219	1.209760707642	0.675203703737051	0.779511607438133	0.42551615444611	0.952272056703491	0.68040137212531	0.189924197435672	0.672867711573073	0	0	0	0	0	0	0	0	0
ENSGALG00000015184	0.368454072991584	0.438137366775137	0.35009653059112	0.512234463716707	0.387181552902018	0.296308753406508	0.627028933068797	0.602919254126952	0.837030575299018	0	0	0	0	0	0	0	0	0
ENSGALG00000015208	0.241650687775183	-0.0811948923221388	0.121694297885403	0.191533099403791	0.312754002930993	0.371523567005081	0.527938432206758	0.599046506613594	0.437736390149728	0	0	0	0	0	0	0	0	0
ENSGALG00000015209	0.326311181599388	0.333542506068919	0.349158653258449	0.328320179770121	0.256920659440997	0.260302109419686	1.15669323251783	1.18231272819843	1.2131902012848	0	0	0	0	0	0	0	0	0
ENSGALG00000015256	0.287430708590252	0.23494389662667	0.323581011714025	0.355347713002649	0.298220229100617	-0.000585416620568324	0.881773988508705	0.194611001270731	0.324021370090028	0	0	0	0	0	0	0	0	0
ENSGALG00000015264	0.712150126410522	0.788068413575266	0.185629973947885	0.573608235068139	0.839647313268911	0.722385815698313	0.0908482751752189	0.750765006617469	1.15721925304464	0	0	0	0	0	0	0	0	0
ENSGALG00000015268	0.629046534600373	0.468175735947845	0.643232927332911	0.731112456395507	0.600668179694118	1.22766666800255	1.06069299679104	0.0143987304184638	0.67441679621334	0	0	0	0	0	0	0	0	0
ENSGALG00000015284	0.625060430861563	0.345154958877153	0.38528505765505	0.340955550973878	0.435377004928477	0.399928741941365	0.816895404932147	0.415181466466779	0.189749842695417	0	0	0	0	0	0	0	0	0
ENSGALG00000015288	0.69425333701948	0.401192804984288	0.519224245215623	0.678004454460712	0.590931042676034	0.484471067979134	0.372800465501113	0.285478397223799	0.918271720140222	0	0	0	0	0	0	0	0	0
ENSGALG00000015311	0.266805805883348	0.286086007555567	0.309913882483884	0.465058418288526	0.545350361449021	0.500645056668381	0.684604804709434	0.819016264038655	0.646668867692108	0	0	0	0	0	0	0	0	0
ENSGALG00000015320	0.179661063092786	0.103183398894058	0.0771777907126143	0.112676755361338	0.0825351380759924	0.0739079890177639	0.730278282513924	0.79969158036034	0.635665997326869	0	0	0	0	0	0	0	0	0
ENSGALG00000015326	0.867219758017535	0.915140786703606	0.908209440450925	0.683596492926938	0.740901908051199	0.87813155757285	1.23284288327023	0.645585764952143	0.539342041740843	0	0	0	0	0	0	0	0	0
ENSGALG00000015331	0.506935836812107	0.450140709687146	0.361436365919239	0.316266381609362	0.202469748696569	0.117463961162136	0.418504155739494	0.25825282367533	0.483989542464512	0	0	0	0	0	0	0	0	0
ENSGALG00000015333	0.650744881764332	0.128638308124701	0.427683426541885	0.509388026954747	0.312704404019934	0.686538640429425	0.830848169418741	0.831117126189979	0.788849914328247	0	0	0	0	0	0	0	0	0
ENSGALG00000015349	0.618241290543914	0.929935459943525	0.534816958750826	0.611657955101991	0.509949760889809	0.38741657154886	0.0228923527946314	0.423562733622948	1.58536917995864	0	0	0	0	0	0	0	0	0
ENSGALG00000015352	0.526562053709887	0.203472435872854	0.0917186008279085	0.538670739544283	0.247183389108559	0.159840117425347	0.487480212909929	1.27247234086379	1.01929850241931	0	0	0	0	0	0	0	0	0
ENSGALG00000015368	0.782459634044974	0.376200988879126	0.783410842015966	0.678887529112082	0.444544333749355	0.497188414978346	1.19544667262375	0.530470388915294	0.507999425387553	0	0	0	0	0	0	0	0	0
ENSGALG00000015372	1.59588700572417	0.731061445574987	0.877249546995856	0.721179670966201	0.837247927208855	1.15338593807275	0.0902143095766146	0.500186608797584	0.60150408982798	0	0	0	0	0	0	0	0	0
ENSGALG00000015376	0.345459090031696	0.476396273228912	0.592061787674524	0.577630975081839	0.642167515326868	0.5149611826411	1.07305832629133	0.464314983895201	0.669475555556628	0	0	0	0	0	0	0	0	0
ENSGALG00000015385	0.340116304872444	0.879249712808133	0.347780204763407	0.29163903011441	0.3680747330125	0.0128277440419398	0.223942934146108	0.423278160964256	1.05085218228595	0	0	0	0	0	0	0	0	0
ENSGALG00000015386	0.0374141170949387	0.313276668988006	0.170279148953683	0.273970790681108	0.141509912659711	0.16144739096364	0.181464438928993	0.194596206241079	0.775613490877248	0	0	0	0	0	0	0	0	0
ENSGALG00000015391	0.883826997871739	0.761635305352461	0.603245093958877	0.873687538225748	0.839144916096035	0.685547009405421	0.292013645583248	0.570435877727085	1.22906698107632	0	0	0	0	0	0	0	0	0
ENSGALG00000015397	0.41787835785933	0.0743632772450731	0.305128203058522	0.214413731398723	0.36660525872095	0.57587020373375	0.255182972569917	0.264588011018123	0.965153121400772	0	0	0	0	0	0	0	0	0
ENSGALG00000015399	0.462480359277871	0.756110356337427	1.06987046957154	0.540343587395836	0.802388206567144	0.880589044444475	1.17162167715306	0.564997672036248	-0.0183453426422058	0	0	0	0	0	0	0	0	0
ENSGALG00000015439	0.321840141315183	0.678465865479391	0.627219897278639	0.534511482080589	0.570621497430248	0.111671314626241	1.23851992921259	0.779194634172629	0.239094999929583	0	0	0	0	0	0	0	0	0
ENSGALG00000015442	0.699113914091156	0.187656774143034	0.26086934107478	0.384910356080384	0.442729252586388	0.407003727035614	0.299271782940829	0.123028372667535	0.72035521140381	0	0	0	0	0	0	0	0	0
ENSGALG00000015443	0.710040277269987	0.389839193655232	0.661592505701007	0.692705531200694	0.303663245086386	0.109882779427087	0.701322161737725	0.742697809744388	0.629167170681983	0	0	0	0	0	0	0	0	0
ENSGALG00000015451	0.460527729779128	0.273301690474553	0.217533566387448	0.448149717008762	0.539176929044382	0.334677034350566	0.342104076961735	0.743334434428803	0.459421118319019	0	0	0	0	0	0	0	0	0
ENSGALG00000015543	0.749961175426106	1.08774457707423	1.10299357536766	1.02752639419373	1.14946698435115	1.12720821277429	0.590622020134317	0.467558640206834	0.629637723153923	0	0	0	0	0	0	0	0	0
ENSGALG00000015545	0.568864212385517	0.484413580241127	0.750412449647933	0.497398424931851	0.374100849361149	0.0585913697333531	1.56752954160409	0.370869460309922	-0.114995019477657	0	0	0	0	0	0	0	0	0
ENSGALG00000015548	0.663002164331401	0.460203193667463	0.500478037345989	0.539082167026111	0.659630134901894	0.476556210682655	0.667455542823938	0.548801442551134	0.882849725843116	0	0	0	0	0	0	0	0	0
ENSGALG00000015571	0.429136567040137	0.476121937260664	0.329119994921188	0.403167067492697	0.404437709043919	0.423094554267884	0.371511298458142	0.322814391931866	0.929126377692428	0	0	0	0	0	0	0	0	0
ENSGALG00000015576	0.353229236459392	0.271491011696837	0.460691027879046	0.49555649676099	0.49469994132479	0.420250516835267	0.58548649648686	0.812261891847115	0.866847381768042	0	0	0	0	0	0	0	0	0
ENSGALG00000015577	0.846454360627382	0.814426437655187	0.592818800720469	0.681559808826124	1.10121284212929	0.565494752938112	1.01769625404013	0.646296590464202	0.612748804723596	0	0	0	0	0	0	0	0	0
ENSGALG00000015589	0.710858759354318	0.935228994165793	0.688065421591841	0.904147617516532	0.922286959812689	0.635855767470561	0.740397054785872	0.639136344144452	0.994862522787916	0	0	0	0	0	0	0	0	0
ENSGALG00000015603	0.956338037064969	0.812509820761533	0.838681932307614	0.575525794903286	0.74731220595746	0.787229839533371	0.837128908198334	0.582299365926076	0.730500677385292	0	0	0	0	0	0	0	0	0
ENSGALG00000015617	0.990189399672101	1.16772987375064	1.08533122811762	0.826750779491043	0.969034135019443	1.04658018523497	1.11686147672716	0.80224339963203	0.271658513134208	0	0	0	0	0	0	0	0	0
ENSGALG00000015620	0.905545531357664	0.714978595545988	0.823640777571434	0.696567330049329	0.732694094631644	0.563725024520726	1.10556010041175	0.693299013664913	1.01833940175102	0	0	0	0	0	0	0	0	0
ENSGALG00000015641	0.852261807603801	0.86003093735672	0.911392854703459	0.87886063073373	1.01162972356867	0.786459878500627	0.798030434516295	0.64841513018614	0.992911568471249	0	0	0	0	0	0	0	0	0
ENSGALG00000015663	0.925326265193005	0.702820199880899	0.657852500834553	0.773130136644061	0.7286400031304	0.692800631357836	-0.283233571715409	0.171003885124398	1.30697913298584	0	0	0	0	0	0	0	0	0
ENSGALG00000015677	-0.0124319524999512	1.045266189172	0.522390987580466	0.231894771550331	0.118129359223391	0.32561254564233	0.714200438330181	0.912257935209118	1.48617952866489	0	0	0	0	0	0	0	0	0
ENSGALG00000015682	0.489323695331974	0.453738254417509	0.386224694518521	0.336277316687728	0.195385152609216	0.244185708669244	0.821529409789504	0.373028627585909	0.475833383446099	0	0	0	0	0	0	0	0	0
ENSGALG00000015683	0.497839241681894	0.489276657642862	0.456922254878711	0.171250225304922	0.661545942256252	0.727199109949788	1.14628031612605	0.424202212853417	-0.234275846410398	0	0	0	0	0	0	0	0	0
ENSGALG00000015684	0.403751055262728	0.221881863386673	0.349302089383841	0.256860785604628	0.0496833777384111	0.141066950604957	0.229893522795054	0.0402389638639029	0.620194157467692	0	0	0	0	0	0	0	0	0
ENSGALG00000015689	0.230287094746894	0.341583861559855	0.169206453828683	0.347170111097414	0.573173255901242	-0.122006278792874	0.231071390527882	0.33078614850761	0.76941088777728	0	0	0	0	0	0	0	0	0
ENSGALG00000015691	1.11781503090434	0.875010260063062	0.839776712496134	0.983344881797905	0.649855394314107	1.28110690642844	0.58087799573412	0.83959447816902	0.348646845257007	0	0	0	0	0	0	0	0	0
ENSGALG00000015704	0.818742898350571	1.01512403443211	0.883286802294347	0.678718751857526	0.848160306952162	1.02098620244194	1.05545364299619	0.867126041540772	0.642121269710255	0	0	0	0	0	0	0	0	0
ENSGALG00000015788	0.0316310121322236	-0.600604698703831	-0.485791340743853	-0.302980031229198	-0.331505361863951	-0.336190869991247	-0.456187169034959	-0.165553996432519	-0.2968118647105	0	0	0	0	0	0	0	0	0
ENSGALG00000015833	0.159606215678775	0.0449366543785361	0.344779082413967	0.19695519382793	0.11951229868567	-0.116701286625334	1.41557539817153	0.671515024218809	0.714729209183017	0	0	0	0	0	0	0	0	0
ENSGALG00000015879	0.0233759425115911	-0.13003644705834	0.0171517983621712	-0.0574255524391099	0.082516539501472	0.163362289055794	-0.35390825319247	-0.410077633218919	-0.506437872864149	0	0	0	0	0	0	0	0	0
ENSGALG00000015902	0	0	0	-0.0361603659684073	-0.0488401128606129	-0.0584705887775683	0.0425497662473488	-0.0808736170493928	-1.48154826597762	0	0	0	0	0	0	0	0	0
ENSGALG00000016438	0.772003080063123	0.586275130584291	0.629834552176217	0.621397794275566	0.392003285650663	1.11762984614899	0.462591691498367	0.216056607098984	0.297743377145777	0	0	0	0	0	0	0	0	0
ENSGALG00000016456	-0.0946425878188215	-0.0624148806844493	0.0889412452442953	0.0115888804220887	-0.0225700599948997	-0.0688181921553008	0.565257593127232	0.258089698934481	1.22014203711812	0	0	0	0	0	0	0	0	0
ENSGALG00000016467	-0.371568611622506	-0.369552612199565	-0.558695525953906	-0.347310200773891	-0.481664532894168	-0.264101572856704	-0.62862580264339	-0.432820702329977	0.0976747886639071	0	0	0	0	0	0	0	0	0
ENSGALG00000016716	-0.300463382216317	-0.503562905481436	-0.19478262259086	-0.43381008560352	-0.105590306800686	-0.385705277378025	-0.390813065906416	-0.538110921071308	0.0928750660284443	0	0	0	0	0	0	0	0	0
ENSGALG00000017005	0.0920789657488044	0.143456917224877	0.540300251914431	0.480459635946772	-0.122570435296439	0.180677007155284	2.09831544056829	0.777367326384589	0.877744640885627	0	0	0	0	0	0	0	0	0
ENSGALG00000017271	-0.0927199756983782	-0.183913488551162	-0.287674609169679	-0.14017542266206	-0.25992432859886	-0.313136300005615	-1.36625704406829	-1.45359003981246	-0.365463325841765	0	0	0	0	0	0	0	0	0
ENSGALG00000017558	0.632068099639595	0.584816708099213	0.48615855651102	0.591723516626383	0.819907871721052	0.893470322779056	-0.0813822171905558	0.0991988313054692	0.0214532518715513	0	0	0	0	0	0	0	0	0
ENSGALG00000017621	0.203913994956451	0.1331341572571	-0.170805208331114	0.0187053782727569	0.0382397646420678	0.650815783763381	-0.240854201326336	-0.180729182257966	-1.46933287614318	0	0	0	0	0	0	0	0	0
ENSGALG00000017627	-0.0282242871210787	0.16485661423197	-0.0522647365984152	-0.00441557795917902	0.103663240308287	0.279731007993893	-0.417944259323513	-0.485309825658659	-1.1561058346606	0	0	0	0	0	0	0	0	0
ENSGALG00000017706	0.783364229249559	0.593437092974527	0.528017794265933	0.582504003651394	0.539997674391846	0.607626150286399	0.549707639490542	0.612205481058505	0.916702408147409	0	0	0	0	0	0	0	0	0
ENSGALG00000018479	-4.27891568861329	-3.93723705422984	-4.31316776073918	-4.16323965165352	-3.85008082930749	-3.4700061807107	-3.53302480136837	-3.68902340758273	-3.78580877683079	0	0	0	0	0	0	0	0	0
ENSGALG00000018565	0.832362199368716	0.77136558496687	0.93729417696539	0.720065327237188	0.750541358021124	0.857466581876136	0.783241970172866	0.678607301173299	0.731286078034765	0	0	0	0	0	0	0	0	0
ENSGALG00000018639	0.673502239647654	0.701680855958707	0.725501180071523	0.724924796806732	0.599234579912774	0.338001465629156	1.02348176016955	0.379376069521919	0.61095275400772	0	0	0	0	0	0	0	0	0
ENSGALG00000018815	-0.142105212352951	0.327469563184284	-0.132773772234816	0.0188796990029676	0.0827204565397919	0.299283914221601	0.40758151629396	0.0447080940315527	-1.53844280554051	0	0	0	0	0	0	0	0	0
ENSGALG00000018874	0.46541923794608	0.593404651795095	0.651504939711146	0.586154925155851	0.606589471391907	0.702451478888221	0.82018608091143	0.655393298278478	1.21730826973046	0	0	0	0	0	0	0	0	0
ENSGALG00000019873	0.0320795209067581	-0.295714000606234	-0.0893008823348183	0.000665511584000633	-0.0537011782183514	0.00839975312971131	-0.626108920273342	-0.597151639327406	-0.0895679825627527	0	0	0	0	0	0	0	0	0
ENSGALG00000020523	0.668606889122832	0.50844406237602	0.406577929016139	0.473273518922333	0.54186006770287	0.567212488077078	0.857974653336218	1.40713391712093	1.09912479689873	0	0	0	0	0	0	0	0	0
ENSGALG00000020528	0.778909218844361	0.972938449383591	0.987394769222222	0.77209502039572	0.964123815023902	0.848888324479449	1.00256860332116	0.676859548258826	1.09240053876807	0	0	0	0	0	0	0	0	0
ENSGALG00000020534	0.997077892900782	0.704155068560773	0.781609386904769	0.860356504066292	0.839828641754563	0.736671174973461	0.672082440802872	0.658363555046204	1.07547601247081	0	0	0	0	0	0	0	0	0
ENSGALG00000020569	0.689379161458861	0.64607829182042	0.748289523386727	0.623048075478277	0.471236066817606	0.358119974611913	0.700308004146442	0.25487808489791	0.774957502135733	0	0	0	0	0	0	0	0	0
ENSGALG00000020627	-0.114154606791569	0.726149750343919	0.436698996406627	0.538572098377543	-0.0515098345781457	0.193016755933488	1.09273449885849	0.501644302974196	-0.0548613958105567	0	0	0	0	0	0	0	0	0
ENSGALG00000021355	0.578044215906274	0.624837614327309	0.484481564677047	0.285754645252734	0.498025256347338	0.610426939924021	2.00299259958796	0.532384322101541	-0.376046845298153	0	0	0	0	0	0	0	0	0
ENSGALG00000021365	0.873523021874256	1.12484867074326	0.955508114144078	0.833951094640288	1.0252420932237	1.02334624487692	0.787975389725217	0.673040679409398	0.886955004426532	0	0	0	0	0	0	0	0	0
ENSGALG00000021378	0.602051110705576	0.433788079393159	0.194204988395638	0.385979844506521	0.309358592268735	0.145626614423969	0.326693819376159	1.05948715113733	0.859372301165211	0	0	0	0	0	0	0	0	0
ENSGALG00000021541	-0.0878556791366507	0.31774379486398	0.334644239075264	-0.0753053340054337	0.0403069594353873	0.112408871403711	1.35889198814783	0.387410868691445	0.695147734393485	0	0	0	0	0	0	0	0	0
ENSGALG00000021636	-0.0880483942135832	0.166965721412521	-0.0123126178522766	-0.037209489169916	0.132534405673979	-0.0392005998566578	-0.531138071613617	-0.443586428336237	-0.966042702836318	0	0	0	0	0	0	0	0	0
ENSGALG00000021637	-0.0037435523395235	0.0676487972129118	-0.207036143391156	-0.095727454823348	0.0478797237237067	-0.174825915102512	-0.156247124303066	-0.332131727919376	-0.895699147309098	0	0	0	0	0	0	0	0	0
ENSGALG00000021951	-0.236227748382694	-0.234824406209301	-0.178433585205364	-0.210261588046643	-0.225464783687238	-0.224378442245379	-0.0879714833733713	-0.209343598735528	-0.151494251710303	0	0	0	0	0	0	0	0	0
ENSGALG00000022174	-5.02600695003838	-5.03631505568772	-5.03673229220039	-5.16892345620092	-5.05361505863832	-5.34226068473525	-5.2253112845696	-5.30920070849836	-4.8342492684056	0	0	0	0	0	0	0	0	0
ENSGALG00000022611	-2.83231887194532	-2.8711658382266	-3.21203218899455	-3.19802482170393	-3.10045609558703	-2.99157500467716	-2.68313031165587	-2.67714370876351	-2.43893085897732	0	0	0	0	0	0	0	0	0
ENSGALG00000022674	-7.43408795363037	-7.53171039512937	-7.56866917156046	-7.05257025787386	-6.61758459493673	-6.29212849776451	-6.9786403526633	-7.06758186951694	-7.04383448256002	0	0	0	0	0	0	0	0	0
ENSGALG00000022679	-5.64275177375161	-5.39566154939015	-5.65377408842505	-5.27571820399318	-4.75089173148233	-4.53814175125145	-4.9938836194669	-4.8586927452188	-4.78384290259179	0	0	0	0	0	0	0	0	0
ENSGALG00000022683	-3.72906274563034	-3.93731585090407	-3.78667779914497	-3.79630809852744	-3.66357273928094	-3.4656237107735	-3.61777711029947	-3.47359094516027	-3.72573252498347	0	0	0	0	0	0	0	0	0
ENSGALG00000022685	-4.88028157208908	-4.89112528292941	-5.02925059177798	-5.16345008361627	-5.40238931315226	-5.51513411695688	-6.00689919264958	-6.15423651472816	-5.86405429277358	0	0	0	0	0	0	0	0	0
ENSGALG00000022690	-3.45379457637086	-3.49926678722655	-3.62539291345785	-3.79095764314782	-4.09762532842785	-4.13575949078069	-4.54845774592135	-4.63488577458476	-4.11966180527962	0	0	0	0	0	0	0	0	0
ENSGALG00000023036	0.00246361942897222	0.577774073601407	0.455683959848516	0.301153010713316	0.395679410895015	-0.169358511055462	1.9383020211653	0.28679875239998	0.497224316867602	0	0	0	0	0	0	0	0	0
ENSGALG00000023042	0.891702315722629	0.214188990428303	0.970820441402058	0.536153623831268	0.467125341139265	0.915612274226443	0.517225519053484	0.739134718880198	1.47765121974429	0	0	0	0	0	0	0	0	0
ENSGALG00000023089	1.17832214006361	0.48194936091255	0.203779931788599	0.335651031954015	0.486217586276672	0.336909741761498	1.01925769368679	0.533549944292223	0.283901255133747	0	0	0	0	0	0	0	0	0
ENSGALG00000023157	0.331076566853647	0.304531982164596	0.370080428060711	0.232180963331668	0.299102469284175	0.158152015438102	0.540917920563467	-0.0432430125615184	0.121139626075756	0	0	0	0	0	0	0	0	0
ENSGALG00000023266	0.0722062753066801	0.345029134896861	0.563057970655456	0.375591075929361	0.248921680336998	0.604863084168545	2.00766819625185	1.80264612584028	0.103629057462304	0	0	0	0	0	0	0	0	0
ENSGALG00000023379	0.93572430511858	0.670664761652476	0.641924866024104	0.364461869818786	0.619196982060227	0.73089734288551	0.540263796258144	0.24871622676363	0.403492349607234	0	0	0	0	0	0	0	0	0
ENSGALG00000023443	0.286474328123911	0.457397297792578	0.247515144286689	0.197365748108103	0.199444620844186	0.36854348613395	0.756100618868267	0.655203036964432	0.587526529386397	0	0	0	0	0	0	0	0	0
ENSGALG00000023622	0.074839553449561	0.0681000412230559	0.0878158313484949	0.100921169601262	0.927525998877263	0.72501686709528	5.09888189925227	-0.353291033252624	0.837630521377129	0	0	0	0	0	0	0	0	0
ENSGALG00000023718	0.311225649540067	0.011314396604881	0.145360774054623	-0.0384809064694966	0.142926268118828	0.121662989371883	0.277784891949703	0.119006702302647	0.493821717425615	0	0	0	0	0	0	0	0	0
ENSGALG00000023958	-0.0563192689819791	-0.314125908806809	-0.347908031538736	-0.134960663634121	-0.23885129773811	-0.46349545254425	-0.677560377562466	-0.07429337085226	0.235623761778321	0	0	0	0	0	0	0	0	0
ENSGALG00000024938	0.360208059509056	0.404676946662392	0.310998222988146	0.239631678724526	0.302457366838981	0.158672195403055	0.50979230416366	0.166101740033537	0.198553910033413	0	0	0	0	0	0	0	0	0
ENSGALG00000025842	1.00471159572926	0.563185476497395	0.596917628486214	0.554486531768164	0.725504958169616	0.71336315332359	0.694342070360216	0.441262533483392	0.0121124010782498	0	0	0	0	0	0	0	0	0
ENSGALG00000025868	0.474433380539981	1.08381817533615	0.458064256217731	0.452360903783588	0.646384354227107	0.753747196039718	0.703808699071309	0.364800435653002	-0.751018673740692	0	0	0	0	0	0	0	0	0
ENSGALG00000025897	0.0900828693651405	0.0502641770171786	-0.309715970281691	0.0881144417039255	-0.187362170669366	0.260505202158045	0.255976674520543	-0.282429191321564	-1.21397753324926	0	0	0	0	0	0	0	0	0
ENSGALG00000025915	0.785242997620268	0.387249990010707	0.414536416079745	0.617883604896896	0.631717949364334	0.560437665321169	0.720519296655697	0.821915670211232	1.0210057374129	0	0	0	0	0	0	0	0	0
ENSGALG00000025923	-0.117566629726841	0.259918445764944	-0.0205612728787212	-0.105901936606838	-0.19219111921675	0.20481363267783	-0.662943830377698	-0.56515942159724	-0.895145729018611	0	0	0	0	0	0	0	0	0
ENSGALG00000025964	0.169169450933336	0.0467282421468012	-0.0856762998098386	-0.0539642310304673	-0.149560212366916	0.336489257238288	-0.128868634368769	-0.332012940316039	-1.35425588422016	0	0	0	0	0	0	0	0	0
ENSGALG00000025983	-0.43893918940522	-0.520199748953298	-0.5807204562888	-0.393735936316338	-0.496556450231275	-0.280995658732668	-0.1467414550562	-0.217883373711676	-0.221522847737246	0	0	0	0	0	0	0	0	0
ENSGALG00000026001	0.834913213996236	0.819794528165933	0.78496642780056	0.566009708245614	0.759014130723096	0.794537394098544	0.46238496940849	0.849837787126541	1.11440539783962	0	0	0	0	0	0	0	0	0
ENSGALG00000026028	0.584942767103033	0.724274818381013	0.691487892282293	0.590291283937389	0.508157884449134	0.224272132912788	0.526391620353639	0.38853052216717	0.978879453466858	0	0	0	0	0	0	0	0	0
ENSGALG00000026107	0.447650823907361	0.555735385411929	0.549491388155147	0.533969910749006	0.317761282800088	0.650959227432344	-0.172828320884528	0.312311095548896	-0.390829746347251	0	0	0	0	0	0	0	0	0
ENSGALG00000026195	0.780981001260782	1.06023833205523	0.789433685606851	0.738214932782506	0.991796674784553	1.05050673014757	0.7407688338677	0.721386165498269	-0.430298033538806	0	0	0	0	0	0	0	0	0
ENSGALG00000026203	0.841586878305409	0.923204791021134	0.903986333227603	0.964532807751937	0.85735509309214	1.41593319190001	0.939095942955617	0.563052302952622	1.17502330834664	0	0	0	0	0	0	0	0	0
ENSGALG00000026300	1.15796347752487	1.12099531682099	0.787423832287816	0.877053127593864	0.930494599496647	1.11344465231803	0.655043259829395	0.526855504358757	0.524403361025288	0	0	0	0	0	0	0	0	0
ENSGALG00000026357	0.0703408139478645	0.119909607549379	-0.0991563877458681	0.070447336898483	-0.259545612656399	-0.323163993645577	-0.237841106010483	-0.345240227099086	-0.657920721663881	0	0	0	0	0	0	0	0	0
ENSGALG00000026394	-0.0984735415442231	0.468557015188052	0.10705576539576	0.024016964853228	0.00958865596222314	0.446066069680662	-0.0475002352079112	-0.28304906232923	-1.93708484580874	0	0	0	0	0	0	0	0	0
ENSGALG00000026395	0.410066107848455	1.16937983242899	0.274097102871857	0.625087102443573	0.0622365217585718	0.467274696253337	0.452095186778467	-0.0775937323998332	-0.0518819391104077	0	0	0	0	0	0	0	0	0
ENSGALG00000026538	-0.711561528870147	-0.971427609590771	-0.749364692167439	-0.910219705418214	-0.965311928704606	-1.21281950519851	-1.5807998712626	-1.84329611823393	-2.1027711161223	0	0	0	0	0	0	0	0	0
ENSGALG00000026547	0.80221227609483	0.890797159328387	0.656705425755325	0.533558269012477	0.363939359160693	0.595866769934283	0.292207402302564	0.280793495930022	0.408677506107021	0	0	0	0	0	0	0	0	0
ENSGALG00000026588	-3.66386931843962	-3.42739810430548	-3.59252023615879	-3.29053496016787	-2.84050781580697	-2.56221225331964	-2.54821066720482	-2.6107622441868	-2.4588806497099	0	0	0	0	0	0	0	0	0
ENSGALG00000026704	0.490146167995761	0.355224581540308	0.677685042088091	0.628295912807935	0.363314541591378	0.405818203208587	1.52088775120663	0.176216232808842	0.512138974335321	0	0	0	0	0	0	0	0	0
ENSGALG00000026757	0.934210062230744	0.8607874440788	0.727305422198668	0.82911524492622	0.315834291612168	0.6664641902477	0.835293559932077	0.407536587686742	0.535036597816004	0	0	0	0	0	0	0	0	0
ENSGALG00000026809	0.15265384647678	0.137393162403889	-0.106698568668703	-0.0944986712708538	0.0916137433439079	0.195310722704892	0.0935150193476222	-0.208315522146719	-0.944284670797128	0	0	0	0	0	0	0	0	0
ENSGALG00000026878	-0.0109223580589832	0.23653352657624	-0.170568555393531	-0.153548619968098	-0.208291025211961	0.0921104931355758	0.155968533135534	-0.144211136990105	-1.26675716945241	0	0	0	0	0	0	0	0	0
ENSGALG00000026884	0.294751965296007	0.303378903781769	0.109870622723427	0.361894702169276	-0.12637918348471	0.456675175335437	1.7049566941762	0.523811055946125	-0.286707885903852	0	0	0	0	0	0	0	0	0
ENSGALG00000026899	0.784829727984973	0.642058136731214	0.326796399692486	0.521092203148583	0.351376209205239	0.485798894399607	1.56569713834483	0.0614097091979184	0.235997448783559	0	0	0	0	0	0	0	0	0
ENSGALG00000026928	0.764165137952071	0.508223710193241	0.492909469565395	0.759654675310428	0.20761982949265	1.68503771451837	1.62523149930491	0.822775523015721	1.09875446009604	0	0	0	0	0	0	0	0	0
ENSGALG00000027075	-0.0929011585376799	-0.364981850975635	-0.320336987536341	-0.0856315915366554	0.115237287441678	-0.211869808312686	-1.48879560040497	-0.506276635730187	-0.810785308446013	0	0	0	0	0	0	0	0	0
ENSGALG00000027080	-1.5853354937394	-1.63678871466546	-1.98231039199653	-1.66540783858906	-1.85492913455301	-1.35620381788999	-1.29682836384895	-1.35030950042256	-1.21014489670591	0	0	0	0	0	0	0	0	0
ENSGALG00000027155	-0.152655084070221	0.0727000470908594	-0.110962949501214	-0.117170797161391	0.147481324582659	-0.0795790539560768	0.175346475484712	-0.303919694753155	-0.810448155935086	0	0	0	0	0	0	0	0	0
ENSGALG00000027170	-3.04173084350285	-3.16722929481197	-2.81996825304355	-2.67869237943968	-2.09329517403449	-2.03761731927549	-1.61442541280962	-1.85524032131986	-1.47894627130271	0	0	0	0	0	0	0	0	0
ENSGALG00000027247	0.0374209007829281	-0.0715583272628731	-0.0260260109980747	-0.0022146257885052	0	-0.0114682314423577	0.262690179736039	-0.258557778754159	-2.41978900737543	0	0	0	0	0	0	0	0	0
ENSGALG00000027258	0.403577343845019	0.578749233734544	0.376257560182334	0.376026901099645	0.18762377690235	0.1860898270836	0.300536004257176	-0.297061208352533	0.0542299744475558	0	0	0	0	0	0	0	0	0
ENSGALG00000027261	-3.31890661332175	-3.51216359478233	-3.93178418169449	-4.1924109461876	-3.83797467919095	-3.44964288992566	-3.6811381204926	-3.46102683017644	-3.92690940302384	0	0	0	0	0	0	0	0	0
ENSGALG00000027295	1.04943392613077	0.554185631373922	0.631971695618107	0.694165955227589	1.07199725584197	0.861625643384688	0.664998927081517	0.372114028926973	0.570248808768162	0	0	0	0	0	0	0	0	0
ENSGALG00000027332	0.724994166843625	0.811934337562795	0.511451550189443	0.349161652083856	0.39746163302942	0.24945285477301	0.820749841957937	0.377610287025627	0.919636873861865	0	0	0	0	0	0	0	0	0
ENSGALG00000027334	0.744315168621078	0.757561181396056	0.806059871691273	0.657314365787581	0.564293510790005	0.62912282598138	0.564056337360491	0.167246582409486	0.846944953902676	0	0	0	0	0	0	0	0	0
ENSGALG00000027345	0.666089502021912	0.941442113178327	0.91172755100092	0.548852386606293	0.624278506743028	0.494851700909636	0.996264915259044	0.619076076355635	0.29331101409636	0	0	0	0	0	0	0	0	0
ENSGALG00000027418	1.12483466725195	1.23820509599531	0.570387962132184	1.19049874165882	0.405880557740624	1.83479574137211	-0.0701730121196515	0.154189228200695	-1.35476372977298	0	0	0	0	0	0	0	0	0
ENSGALG00000027428	0.608499150812666	0.580646267247762	0.420626517665627	0.455604099096639	0.463090719029208	0.212211021225706	0.574328634330135	0.723419951030317	0.716816592495688	0	0	0	0	0	0	0	0	0
ENSGALG00000027472	0.286979010111853	0.63943258820072	0.415113976533311	0.426467097847642	0.229222526517306	0.181261772257836	0.361476627403995	0.538917775660823	1.01200656025937	0	0	0	0	0	0	0	0	0
ENSGALG00000027483	-0.340886154905044	1.6747559091194	0.519696841645141	0.382843707701461	0.338172228298693	0.597770791395783	1.97777128825761	0.0772891109067615	1.87851383605301	0	0	0	0	0	0	0	0	0
ENSGALG00000027492	-0.193353613733505	0.683456909747584	0.747393040818809	-0.767534997327338	-0.81117088153704	-0.473323135279697	-2.04133499659502	-0.820584809407363	-1.20380616683971	0	0	0	0	0	0	0	0	0
ENSGALG00000027497	0.16361988683804	0.170585495795377	-0.0809958933958459	-0.189417032377994	0.128537799976511	0.287208842961835	-0.271420030671488	-0.498039440860046	-2.03960718606542	0	0	0	0	0	0	0	0	0
ENSGALG00000027564	1.28809401959335	0.66563265422404	0.71042631186261	0.76815382704125	0.756667556145252	1.00241593313202	0.449157880760716	0.189050596302329	0.68258150757346	0	0	0	0	0	0	0	0	0
ENSGALG00000027630	0.644490521754635	0.738385927760424	0.548001881021595	0.551594937467839	0.370158163928242	0.707789967940611	1.5675575722213	0.274653702875926	-0.933745659699859	0	0	0	0	0	0	0	0	0
ENSGALG00000027714	1.1681491588179	0.736749550099296	0.476420825683586	0.841501960431589	0.767255733292746	0.455889848991154	0.0820135454749567	1.17113522530393	1.35407427328584	0	0	0	0	0	0	0	0	0
ENSGALG00000027728	0.726068928745786	0.0857224810051682	0.388216980008015	0.257567401687789	0.693174115622407	0.548377298974071	0.0536782737828592	0.331943092303989	0.941806336602796	0	0	0	0	0	0	0	0	0
ENSGALG00000027798	0.116252719737959	0.0887371591779971	-0.123682036011671	0.153193019936948	-0.0102634746897525	0.478240312298209	-0.88026824432399	-0.125707773069801	-1.41542556159851	0	0	0	0	0	0	0	0	0
ENSGALG00000027843	-3.75542841517569	-3.58921759322044	-3.5548579823584	-3.44622139533098	-3.16454017171875	-3.23138942158062	-3.18315475247103	-3.4490087770143	-2.94390044847126	0	0	0	0	0	0	0	0	0
ENSGALG00000027848	0.0334682169220848	-0.0701067586776833	-0.365162900914983	0.0945229614661756	0.0447256243203693	-0.0125800893912089	-1.83366355984811	-0.835897439294559	-0.641103614388687	0	0	0	0	0	0	0	0	0
ENSGALG00000027891	0.796059418562635	0.638720800335435	0.784435960552836	0.642338398837259	0.621211002650309	0.641898888450747	0.711829144728451	0.581009749727686	1.00266370384117	0	0	0	0	0	0	0	0	0
ENSGALG00000027895	-3.54857082208108	-3.66921401718303	-3.83433404717326	-3.68112951771377	-3.34057627273151	-3.18017715524561	-2.68158900817057	-2.94653702129614	-2.957359051589	0	0	0	0	0	0	0	0	0
ENSGALG00000027927	0.542600398867719	0.638268047674076	0.787877708557684	0.0676895536188202	0.76089594727901	0.302233884816518	0.789903186670422	1.14200387015121	0.996078884961965	0	0	0	0	0	0	0	0	0
ENSGALG00000027932	0.967860107887035	1.07327960678088	0.759179728784236	0.884698130755279	0.783816178202168	0.713558088289371	1.00064999160535	0.754482671974788	0.797363288260069	0	0	0	0	0	0	0	0	0
ENSGALG00000027963	1.28327080497565	1.0867314051592	0.93344999880472	0.885028980133649	1.24106718843958	1.13567307946137	-0.00957147842763817	0.593234572525471	1.29014321010503	0	0	0	0	0	0	0	0	0
ENSGALG00000027968	-0.269368970161552	-0.174200123847303	-0.503009390816755	-0.476111176956485	-0.388590822511729	-0.363148543982873	-0.229651414257045	-0.348667055794418	-0.3530835823215	0	0	0	0	0	0	0	0	0
ENSGALG00000028014	-1.29147388812209	-1.03256815896632	-1.31383217385384	-1.29072405832032	-0.950555277183567	-1.11108111121759	-0.973811645559142	-0.859451548393168	-0.689343147735657	0	0	0	0	0	0	0	0	0
ENSGALG00000028026	0.84469417844445	1.05643935416818	0.924627164799617	0.902579384240696	1.00659073597499	0.966102094391102	-0.159090447630164	0.399863144729284	1.57507249804131	0	0	0	0	0	0	0	0	0
ENSGALG00000028135	0.687178686171251	0.818952088431606	0.99385637701306	0.563757367629763	0.680431310295436	0.973431530444291	0.433058816853556	0.250783837971047	1.20551931066629	0	0	0	0	0	0	0	0	0
ENSGALG00000028149	0.706785653823697	0.943295577008298	0.660372223296385	0.65941282248604	0.784591420142117	0.895140920280008	0.659139824454614	0.639863933468397	0.541485259371373	0	0	0	0	0	0	0	0	0
ENSGALG00000028168	0.872166969713192	0.949957403031561	0.758220663825219	0.772429161619131	1.11024863785725	0.649602339135601	0.588447952933314	0.678424462227958	1.09698336419952	0	0	0	0	0	0	0	0	0
ENSGALG00000028267	0.401790677073235	0.535291820360911	0.518609953383561	0.464688782150939	0.474623629543576	0.348028462428288	0.387469072233883	0.346863143594812	0.824744074206561	0	0	0	0	0	0	0	0	0
ENSGALG00000028307	-4.56165533302237	-4.6916342737092	-4.57260935266342	-4.43885734023732	-4.48431338162137	-4.08121874561154	-4.21526981485284	-4.22675431357055	-4.07658084019036	0	0	0	0	0	0	0	0	0
ENSGALG00000028448	0.00982129772646476	0	0.10413936692413	0.0663655733851266	-0.132851264398652	0.10518391847064	-0.0615056410975602	-0.327415206383874	-0.615780560382685	0	0	0	0	0	0	0	0	0
ENSGALG00000028529	-0.22667507905687	-0.378768195270852	0.24947159779815	0.2533419396702	0.294975539114725	0.761975937948531	2.06311445075424	0.766346624358697	0.0057421564743052	0	0	0	0	0	0	0	0	0
ENSGALG00000028736	-0.16675393234277	-0.2041594751928	-0.282180755958376	-0.134891518960211	-0.269832757053221	-0.148164874553984	-0.140460029525249	-0.154828296367085	-0.151494251710303	0	0	0	0	0	0	0	0	0
ENSGALG00000028753	-0.303896651530978	0.217354100794507	-0.345253357890622	0.000835484810356668	0.152235557269575	0.169105097049471	-0.0344419408822629	-0.239833519368547	-0.982062457871328	0	0	0	0	0	0	0	0	0
ENSGALG00000028824	0.154689171496726	0.152020769116517	0.0290408085100964	0.148305759381383	-0.150270134064493	0.484089295541559	-0.112956421155903	-0.370191461585596	-1.25524300851535	0	0	0	0	0	0	0	0	0
ENSGALG00000028884	-0.0988126110364571	0.259687791814284	-0.315548413499879	-0.185910718481379	0.0934779896291467	0.37464606479131	-1.14932900412522	-0.676201525681416	-1.82086022107045	0	0	0	0	0	0	0	0	0
ENSGALG00000028901	-0.140554065763522	-0.471724712495657	-0.368240479053656	-0.139156713671382	-0.27103682933769	-0.391635042533832	-0.472041003455077	-0.376071539507107	-0.438211595474071	0	0	0	0	0	0	0	0	0
ENSGALG00000028913	-3.55633341562052	-3.5587013549249	-3.66340508081419	-3.57388251298198	-3.17180573049482	-2.83784341174921	-3.18809843912412	-3.43504835304663	-3.53421466036256	0	0	0	0	0	0	0	0	0
ENSGALG00000028937	0.330806866961565	0.292105549800673	-0.0243831879899004	-0.170839037141425	0.150077400266842	0.517337006471254	-0.240789825262492	-0.662505616610784	-1.70070544047984	0	0	0	0	0	0	0	0	0
ENSGALG00000028998	0.827502064221392	0.916816460968192	0.920114784891036	0.675595328033743	1.02732265652653	0.714476742879959	1.20717598700242	1.03396661115034	0.845080998599224	0	0	0	0	0	0	0	0	0
ENSGALG00000029016	0.246191198849501	0.0471786978683468	-0.232126720901188	-0.0511106751403414	0.0268182499079535	0.397157666456366	-0.416384904034693	-0.333786674705966	-1.10228409428405	0	0	0	0	0	0	0	0	0
ENSGALG00000029049	-1.21767642220108	-1.12450186387005	-1.27208021445705	-1.0319762774089	-0.97041262071039	-0.877965620262267	-0.759560844779899	-1.06219538497269	-0.895309638618713	0	0	0	0	0	0	0	0	0
ENSGALG00000029062	-0.134629079168405	0.130363285375535	-0.0316815357212095	0.00310819412569252	0.0492770965858673	0.0602150243691195	-0.0466943717928965	-0.362326976188832	-1.36004326540566	0	0	0	0	0	0	0	0	0
ENSGALG00000029099	-1.34318191021331	-1.07990521659984	-1.47743281364631	-1.00578125543713	-0.695998836854298	-0.917804931091635	-1.06417252775843	-0.84045916397901	-0.53918868324698	0	0	0	0	0	0	0	0	0
ENSGALG00000029118	0.704247363362297	0.871219886479986	0.760356301125353	0.626662332147223	0.805156952046508	0.934245592084138	0.705967398717138	0.751947187681219	1.05838784962555	0	0	0	0	0	0	0	0	0
ENSGALG00000029162	-5.61325412143326	-5.48546545703022	-5.65764654824896	-5.4630762209719	-5.08575109539406	-4.8141220618401	-4.69314438956482	-4.66356993323717	-4.72484921995692	0	0	0	0	0	0	0	0	0
