-9	-8	-7	-6	-5	-4	-3	-2	-1	0	1	2	3	4	V1	V2	V3	V4	V5	V6	V7	V8	V9	V10	V11	V12	V13	V14
ENSMUSG00000000787	-0.579435733001651	0.0545141123671051	-0.489085403287373	-0.35864663273699	-0.292583231649013	-0.0757263994322059	-0.237661585024426	-0.462215808907123	-0.545304947842038	0.147737820902844	-0.353059448151232	-0.439560750918915	-0.416947800657253	-0.680219262369397	0	0	0	0	0	0	0	0	0	0	0	0	0	0
ENSMUSG00000003477	0	0.00619640075665068	-0.0488977340140373	-0.0316738566812444	-0.0583187120400223	-0.0358755220680854	0.243936931498119	0.0239260343419439	-0.0445803626884516	0	-0.285056663564239	-0.0899949518285562	1.12753722798251	3.20159830049359	0	0	0	0	0	0	0	0	0	0	0	0	0	0
ENSMUSG00000018986	-0.416208602743223	-0.525423837698365	-0.355123922536386	-0.135115209914776	-0.655115010620314	0.590991102423899	-0.269640781427039	0.0112636228792273	-0.0717274067143867	-0.227899754256464	-0.145071823847913	-0.198360670088616	0.173714653667699	-1.10990235540663	0	0	0	0	0	0	0	0	0	0	0	0	0	0
ENSMUSG00000021758	0.315758332785388	1.07999986184183	0.712816044973333	0.314702759863314	0.181896159304414	0.670275370618787	0.10209861902734	0.239209788773364	0.32936907035397	0.284842840770937	0.0193085732170252	0.175944494173973	0.0274951627170554	0.213725278580688	0	0	0	0	0	0	0	0	0	0	0	0	0	0
ENSMUSG00000025332	0.219015106255183	-0.32909319854453	-0.503696476945734	-0.557270998081441	-0.4284880561351	-0.563752331425842	-0.570694555000362	-0.575213669293148	-0.706855774788809	-0.242196140940814	-0.485288145562699	-0.634549730372536	-0.624546907597656	-0.746042385133814	0	0	0	0	0	0	0	0	0	0	0	0	0	0
ENSMUSG00000027750	-1.34097917555773	-1.48950202604019	-0.684218576128561	0.0122841664587874	-0.0371963585506094	0.290231127200245	-0.504320694098489	0.0230216874383355	-0.405018644850056	0.0387759317138752	0.0414824309440629	0.430877350683796	-0.331431559057335	-2.34609984332992	0	0	0	0	0	0	0	0	0	0	0	0	0	0
ENSMUSG00000030208	-1.15836330439312	-1.37412009470234	-0.631903973251204	0.141236997997072	-0.0179515008464968	0.2314177063108	0.375698616480324	-0.0295276581886457	-0.354105747881619	0.0665009040938145	-0.0160488701721491	0.354136958310482	-0.124271143191478	-1.07724782786428	0	0	0	0	0	0	0	0	0	0	0	0	0	0
ENSMUSG00000031226	-0.442998879288957	-0.0776336027454381	-0.284555870840355	-0.481524465795781	-0.517044371317867	-0.447419299551871	-0.403989687798621	-0.598166228274208	-0.876126125647607	0.0733251059060107	-0.500942404800342	-0.137601066022747	-0.493178219661169	-0.63427333400675	0	0	0	0	0	0	0	0	0	0	0	0	0	0
ENSMUSG00000032557	0.07720706613694	0.201832637387835	0.507032648061571	0.443168191433418	0.610327132561567	0.556077033656219	0.546847751107221	0.532267216525414	0.26259557645509	0.456570271491328	0.529614876893	0.442709717287854	0.306893859724887	0.345589971168423	0	0	0	0	0	0	0	0	0	0	0	0	0	0
ENSMUSG00000035150	-0.0683350467236288	-0.468598392175195	-0.66531531634956	-0.741454664662997	-0.854453356582159	-0.809499519747332	-0.730002602721599	-0.761993065755603	-0.412878310560874	-1.65549460613745	-0.617407886857247	-0.733892910963609	-0.820105653079709	-0.642955325395562	0	0	0	0	0	0	0	0	0	0	0	0	0	0
ENSMUSG00000037369	-0.820496387463606	-0.421967519667193	-0.83298957072761	-0.6058901752511	-0.66509050967708	-0.531633327504153	-0.58966232746006	-0.787304115379331	-0.883068149357479	-0.113955475048085	-0.640953344831875	-0.861331433023818	-0.860183935284953	-1.0846185928075	0	0	0	0	0	0	0	0	0	0	0	0	0	0
ENSMUSG00000037406	0	-0.0374499209865496	0.128740882260427	-0.0760639383510218	-0.057744339654245	-0.0541064911002028	-0.38184511211336	-0.158091269368504	0.20856277171793	-0.0431377908666876	-0.0725547956916304	-0.369260262966264	-0.60912605579925	-1.0280035285576	0	0	0	0	0	0	0	0	0	0	0	0	0	0
ENSMUSG00000043336	-1.01516186928121	-0.352533884822916	-0.396906850506799	0.131834624783423	0.109648823573475	0.0984771970820137	-0.319795071373305	-0.116894286948525	-0.51634573848303	0.00414494237748464	-0.0863121908358249	0.114367056893085	-0.156838950841318	-0.611391184305962	0	0	0	0	0	0	0	0	0	0	0	0	0	0
ENSMUSG00000051412	-1.78345493885455	-0.0721225815805528	-0.842207986122109	-0.236099079112309	-0.398750797164027	0.0371557829170666	-0.100655124321831	-0.396380788855166	-0.498501450755208	0.409077285434125	-0.215952982388398	-0.44972536821423	-0.25979390608343	-0.64473306681739	0	0	0	0	0	0	0	0	0	0	0	0	0	0
ENSMUSG00000054203	0.19295307733121	0	0.0330480647065281	-0.0476021200994235	-0.00223276146302677	0.223729210814633	0.152509712334325	0.154394318818904	0.175691187452833	-0.0642969383165814	-0.0466772632871277	-0.0710941093962864	0.650309102392174	2.83796471644817	0	0	0	0	0	0	0	0	0	0	0	0	0	0
ENSMUSG00000056673	5.54614267719348	5.74709844508986	5.9356240882449	5.81450082321699	5.84726963025443	5.9458595246557	6.00119313120965	5.69017287401422	5.90031791918482	5.83059185366334	5.69908615926055	5.89350733480904	5.66723053090839	5.40637579207255	0	0	0	0	0	0	0	0	0	0	0	0	0	0
ENSMUSG00000068457	4.46782816917667	5.50648035856617	5.6187355193728	5.52382089512893	5.37270954580095	5.61973187328956	5.63325882631148	5.71122569771448	5.7767916081758	5.83325330767817	5.77959666500214	6.22029758656929	6.21762881591338	6.13567326637822	0	0	0	0	0	0	0	0	0	0	0	0	0	0
ENSMUSG00000069045	5.81751953629552	6.57818775817859	6.71055608704699	6.5972375347851	6.39323398045838	6.59204830517493	6.71609917375083	6.85505860341959	6.84093295144103	6.83406491881258	6.82504060122866	7.62215766152925	8.09611117373037	7.39765701994633	0	0	0	0	0	0	0	0	0	0	0	0	0	0
ENSMUSG00000069049	6.27133610728869	6.61530159321039	6.6733694625775	6.56294392926278	6.64051729416148	6.377580713262	6.40357460874889	6.69726900360003	6.86850778076883	7.25411311802432	7.19824385689776	7.21876881479837	7.05192998234051	6.63838097064662	0	0	0	0	0	0	0	0	0	0	0	0	0	0
ENSMUSG00000079297	-1.26278529548708	-0.188786321359049	-0.586735052853384	-0.527567728219964	-0.668793071668375	-0.623526964245772	-0.808918067864757	-0.00825580361392864	-0.210473429744985	-3.38078782987176	-0.250077884605196	0.250666587966273	-1.15831696630959	-0.0385586591937637	0	0	0	0	0	0	0	0	0	0	0	0	0	0
ENSMUSG00000099876	2.01493268076935	2.60797400819333	2.84049992778914	2.77527957032847	2.72751742940218	2.91779401064123	2.86955301199398	2.34735963027502	2.2966616815111	2.40921867801903	2.18809303144452	2.58819091826376	2.04670677258498	1.98192752692077	0	0	0	0	0	0	0	0	0	0	0	0	0	0
ENSMUSG00000100862	-1.66378056966838	-0.256497319186388	0.0507390625934128	0.196291365117844	0.0988762183706939	-0.755934835862466	-0.405489105112431	-0.404500611963067	-0.455173463629664	-5.47299860473262	-0.312204581163279	0.108889699739874	-1.01824116282608	0.262447341004762	0	0	0	0	0	0	0	0	0	0	0	0	0	0
ENSMUSG00000101059	0.266366162093504	0.238412754105965	0.138904618566118	0.277300831227438	0.412658292732631	0.541217156249058	0.279638511970252	0.445183202253256	0.463056261135054	0.189868936873066	0.461733150089625	0.597999303597041	0.227499172664113	0.164887833412487	0	0	0	0	0	0	0	0	0	0	0	0	0	0
ENSMUSG00000101249	-1.00161746493513	-0.324175068553893	-0.499344147722391	-0.099827919849429	-0.409601044918207	-0.736301698257592	-0.768043417115304	-0.436737411514357	0.0421859086780878	-5.50067627154571	-0.131729810578442	0.277319501680186	-1.07650140359055	0.897876402388688	0	0	0	0	0	0	0	0	0	0	0	0	0	0
ENSMUSG00000101372	-0.507474837719817	-0.114378253653232	0.192323341108838	0.0326859337844758	-0.808399251485217	-0.467514474143515	-0.257802808405948	-0.321413426969869	-0.332156513740869	-3.56214971088017	-0.0777146572145456	-0.072884927375183	-0.653786963937245	0.0737824798620096	0	0	0	0	0	0	0	0	0	0	0	0	0	0
ENSMUSG00000102070	-1.50041660809472	-0.0458988307557984	-0.119122485713408	-0.0586904034133808	-0.111715331519491	-0.659086303970707	-0.673302015360562	-0.753992818983371	0.0701615459444058	-5.59183045882309	-0.284178307899525	0.19893579257081	-0.983295636409731	0.292175454100646	0	0	0	0	0	0	0	0	0	0	0	0	0	0
XLOC_044866	-0.482516612135321	-0.307093940310563	-0.481759759786486	-0.432377982558113	-0.355306129224678	-0.405863260630248	-0.509394726719683	-0.72955926895307	-0.63233938643965	-0.163515544140259	-0.270732130672511	-0.685294438359109	-0.402452857382126	-0.560349368632497	0	0	0	0	0	0	0	0	0	0	0	0	0	0
XLOC_045664	-9.40614388347545	-8.91411459464867	-8.7726158052417	-9.00555161937992	-9.61588783285654	-9.67653359621972	-9.55059759644607	-10.1009518974931	-9.7132321105214	-8.45062540627776	-8.94514813849775	-8.61872674863397	-8.51401372715568	-9.17904895560567	0	0	0	0	0	0	0	0	0	0	0	0	0	0
