-9	-7	-6	-5	-4	-3	-2	-1	0	1	2	3	4	V1	V2	V3	V4	V5	V6	V7	V8	V9	V10	V11	V12	V13
ENSMUSG00000000149	-0.208283192185524	-0.213317984130233	-0.252612512059495	0.118207289161264	-0.0787983942300476	-0.117971149362404	0.207027085209281	0.136736928748848	0.182726472879798	0.194875127709726	0.133478654944855	1.12009578312633	0.524260083270311	0	0	0	0	0	0	0	0	0	0	0	0	0
ENSMUSG00000000791	-0.344408701874533	-0.647594728822425	0.321457116400445	-0.206845766920023	0.0484469304768003	-0.180684506525065	-0.00746010004844644	-0.383114964636329	-0.164237996676151	-0.533367632505106	0.450012757377642	-0.102321584418508	2.89137215840334	0	0	0	0	0	0	0	0	0	0	0	0	0
ENSMUSG00000001095	-0.0501918698427846	0.0873973382463094	-0.0841590986562094	0.122485820883447	-0.0884519087048547	-0.0978388154958888	-0.0326823600617259	0.150099625468956	-0.0258594419928544	-0.251076365976449	0.409571513758502	0.431468190477043	2.71599942557285	0	0	0	0	0	0	0	0	0	0	0	0	0
ENSMUSG00000001558	-0.101256384602346	0.135418726396475	-0.153714989020878	-0.0846803268213218	-0.06524899092597	0.0654067126516961	0.343331301154388	0.0730013046858044	-1.12230845250294	-0.295329449849397	-1.15045789882698	-1.10357445969834	-1.33937044511451	0	0	0	0	0	0	0	0	0	0	0	0	0
ENSMUSG00000004098	-0.356083098991061	0.159353540540216	-0.0226636661736354	-0.208069786778743	1.14997168622996	-0.0974069972836831	0.196372793394716	0.467655771840878	-0.398480204715598	-0.202434174948541	-0.209045175645858	2.50828066706705	2.70782942072972	0	0	0	0	0	0	0	0	0	0	0	0	0
ENSMUSG00000005069	-0.556760112333831	-0.120085150905684	-0.103981455297731	-0.0219793995862272	-0.0783451132285835	-0.0416419690041181	-0.00412752213772105	-0.0471822354118494	0.189114277226175	0.099885649167053	-0.0295116297418119	0.40961327028919	0.582291516103253	0	0	0	0	0	0	0	0	0	0	0	0	0
ENSMUSG00000007122	4.09269813134822	0.332469356350126	-1.34773064825816	0.0370979482924831	0.0709417622868675	-0.0618937572797747	0.043718583659045	0.0718804070295165	-0.013450683600143	0.0204263699588918	-0.0962345400280674	-0.217882980702243	-2.77772920448977	0	0	0	0	0	0	0	0	0	0	0	0	0
ENSMUSG00000009894	-0.0411356079394709	-0.2191848208797	-0.0853503706784284	-0.0713926693908187	0.145892939764504	-0.123434963291937	0.0842622318514996	0.117917058130788	0.128271466589204	0.00640555097526097	0.189562776486387	0.345667529345296	0.465967777471967	0	0	0	0	0	0	0	0	0	0	0	0	0
ENSMUSG00000010663	-0.206806256955538	-0.228657945815286	-0.0513113086018224	0.00394668394843656	0.0502974377517091	-0.0347767558361607	0.0620310058630587	-0.180862413783011	0.0563402047544947	-0.304066933754241	-0.323040097860236	-0.447692670521114	-0.68838837161282	0	0	0	0	0	0	0	0	0	0	0	0	0
ENSMUSG00000012042	0	0	-0.0241453615508562	0.00217220922603065	0	0	0.0483517689585509	0	-0.00550234895875983	0	0	0.456669595587486	0.694259570243512	0	0	0	0	0	0	0	0	0	0	0	0	0
ENSMUSG00000015451	-0.473773443528691	0.0344180118227153	0.464194115464322	0.284381772116692	-0.032790414447442	-0.330856922224323	0.295444694896877	0.15740129562969	0.1168612735515	0.410475079154472	-0.0811919214097614	0.73852674483747	4.14120797449493	0	0	0	0	0	0	0	0	0	0	0	0	0
ENSMUSG00000015869	-0.499493461677976	-0.212818202183778	-0.141832219749812	-0.030015664691982	-0.00405998418839459	0.0192262251135116	-0.220123320883735	-0.100445381370043	0.0794249729843566	-0.0104887332925481	-0.017778922915447	0.685856967890048	0.686368282724862	0	0	0	0	0	0	0	0	0	0	0	0	0
ENSMUSG00000017132	-0.46895733263591	0.035750881791718	0.0559710272179794	0.0281097213601154	0.177547980215286	-0.180732927847924	0.0678893091214601	-0.112454558510598	0.0262948288229268	-0.0704809224473966	-0.0017161513886883	0.278446875091603	0.729318421986719	0	0	0	0	0	0	0	0	0	0	0	0	0
ENSMUSG00000017667	0.179820657557475	0.159172778746322	-0.0936491486189341	0.10647016309729	-0.0499324417012641	-0.293830636669487	0.171908235264287	0.215646260657868	-0.0865398580281207	-0.120578159920528	-0.484492702690651	-1.11335732226422	-0.963003339280695	0	0	0	0	0	0	0	0	0	0	0	0	0
ENSMUSG00000018171	-0.135272850807599	-0.126623358643893	-0.113475341296612	0.0614005057763229	0.100496568487518	-0.0832493025380998	-0.216190239373955	-0.167166766780277	0.0878551788702939	-0.0771008544291876	-0.0732531625281085	0.729127389284704	1.18258840756036	0	0	0	0	0	0	0	0	0	0	0	0	0
ENSMUSG00000018868	0.0155839804262492	0.0324219784484633	-0.100769674351981	-0.0877268387844275	0.0125481358784407	0.177889081180307	-0.084936945215444	-0.177535041748661	0.0698447695946338	0.234738533685706	-0.388908685661909	-1.8327367786932	-2.22017936825204	0	0	0	0	0	0	0	0	0	0	0	0	0
ENSMUSG00000018899	-0.314133787652489	-0.0354576463404026	-0.140244523787376	-0.0733935039883322	0.245042807337629	-0.194069582105594	0.212558157322384	-0.0432129798670946	0.120759163841927	-0.110073792815831	0.128714657439599	-0.43698879735676	-1.14156294159179	0	0	0	0	0	0	0	0	0	0	0	0	0
ENSMUSG00000019822	-0.449607417461479	-0.133806414732491	-0.036823688969303	0.143187065405884	-0.0903071052487689	-0.242783275573936	0.0926325545519529	-0.0437374995107538	-0.00384409453099099	-0.0434304229690357	-0.00175765218680368	0.56003543128968	0.659037898816435	0	0	0	0	0	0	0	0	0	0	0	0	0
ENSMUSG00000019935	-0.0277645761856755	0.30076837717655	0.241204042541187	0.215127525031543	-0.137434170489621	-0.164711470687629	0.0260591419839455	-0.167706115117273	-0.521898165574049	-0.0795519502628186	-0.0741393329966691	1.96893309126215	3.50440788435437	0	0	0	0	0	0	0	0	0	0	0	0	0
ENSMUSG00000020027	0.104551697567577	-0.0163762081346688	0.16167054524116	0.144639640089415	-0.00127024718522328	-0.110261749395648	0.159058393910897	-0.0228870247529942	-0.4384195672876	-0.178313597793125	-1.40455187987895	-2.2052148877136	-2.81438243277018	0	0	0	0	0	0	0	0	0	0	0	0	0
ENSMUSG00000020220	0.333585914462686	0.333698935231179	0.212193941682236	-0.191497978943896	0.10829225030396	-0.028011210344479	0.21417219528146	-0.0205018248502551	0.00126884963935048	-0.0510995269533767	0.136789681921416	0.260523243732738	0.485072958032269	0	0	0	0	0	0	0	0	0	0	0	0	0
ENSMUSG00000020359	1.70365792431011	0.401793983424969	0.118455148107844	-0.0565459313860792	0.118265586513818	0.0870414420930938	-0.20005797463313	-0.174824214988213	0.110656837856373	-0.175428008889244	0.145549243748007	-0.140881440644293	-0.115435247157797	0	0	0	0	0	0	0	0	0	0	0	0	0
ENSMUSG00000020684	-0.0476927876353765	0.000493985108185324	-0.151700106186378	0.0986593926396919	-0.303491014473632	-0.0412136575816769	0.738632440247459	0.100652233657653	0.0784991459524201	1.1322299700646	0.865570815255173	0.24886547776549	0.560037317414354	0	0	0	0	0	0	0	0	0	0	0	0	0
ENSMUSG00000020844	-0.233703598099509	-0.0730576715145244	-0.223186292565345	-0.0275432635243495	0.104781428400912	-0.316514863305087	-0.201623229729087	0.17473472662569	-0.0611379492348973	0.0313238919592118	-0.0375702941963678	-1.11751070711932	-0.870653354711831	0	0	0	0	0	0	0	0	0	0	0	0	0
ENSMUSG00000020937	-0.977639392812003	-0.113014934060969	-0.133772042187843	-0.174554064927283	0.168423466253747	-0.0509345022430576	-0.0415820382884706	0.287761004154596	-0.122817068762699	-0.282994169536231	-0.506984377891499	-0.694837129278413	-0.306100097723477	0	0	0	0	0	0	0	0	0	0	0	0	0
ENSMUSG00000021228	-0.484468922802857	-0.0912326936351899	-0.26726393422925	-0.0319743085413697	0.0877675320762816	-0.268302043321806	-0.0318271142045017	-0.133952594667804	0.494674792151551	-0.0475427500685441	-0.362695896770717	-3.33808904473063	-5.90293558291893	0	0	0	0	0	0	0	0	0	0	0	0	0
ENSMUSG00000021416	-0.15898149354363	-0.0322347673636748	-0.237641692009394	0.130462160883029	-0.0252099844157382	0.135779692568424	0.721830999363035	-0.0174360355370898	-0.174919350770308	-0.1638472920045	-0.514687450490047	-1.74313717711043	-2.31063238433678	0	0	0	0	0	0	0	0	0	0	0	0	0
ENSMUSG00000021497	-0.446525315487703	-0.232542669592467	-0.19477002627562	0.0337163711833739	0.0879676734863004	-0.120594287252214	-0.177531577349741	-0.0842134278522391	0.140584858382679	0.0059315054635638	-0.0830636953710098	0.444403238712002	0.516960371689671	0	0	0	0	0	0	0	0	0	0	0	0	0
ENSMUSG00000021594	-0.0927801155206622	0.178561969768936	-0.0682745443410382	-0.00616246628052686	-0.045687657092448	-0.332839612887552	0.138508679324506	-0.0730310273077075	-0.109117890967924	-0.419345318229587	0.188462698689264	1.82929751824284	2.37229538360786	0	0	0	0	0	0	0	0	0	0	0	0	0
ENSMUSG00000021665	0.183166756880748	-0.16736934588517	0.0479586280605799	-0.0833698098654843	0.162775464732489	0.0467738970729039	-0.294735372418983	0.0311637752407901	-0.109555638973171	0.0898588489374115	0.15233975149847	-0.709605106830593	-1.78650134072739	0	0	0	0	0	0	0	0	0	0	0	0	0
ENSMUSG00000021713	0.360962818243243	0.143503436740982	0.171547897487984	-0.0116378755041167	0.133304519313124	0.0341871643712199	0.217903471190915	-0.0150035889787938	0.00810174609187353	-0.0819716481352062	-0.0906587890200212	-0.193463013744562	-0.559943710487724	0	0	0	0	0	0	0	0	0	0	0	0	0
ENSMUSG00000021750	-0.334632211632965	0.0464728646869645	0.0948372510186627	0.12014966704651	0.313553132777381	-0.148814493897045	-0.0504342458508171	0.101169577463573	0.0329731713265622	0.554838092279975	1.26204391423227	0.0889537900422078	3.16030018056139	0	0	0	0	0	0	0	0	0	0	0	0	0
ENSMUSG00000022181	0	-0.124140947214911	-0.377242141541948	0.199920409439619	0.203504382938126	-0.201156896929759	-0.133991620214555	0.0927845790412367	-0.0548498628687644	0.291983188170401	0.539847101355722	1.69452271346652	4.96889607205119	0	0	0	0	0	0	0	0	0	0	0	0	0
ENSMUSG00000022215	0.313771977096527	0.0209673628079998	-0.35418059161572	0.0507126442530444	-0.0131223146070217	-0.0588672026109242	-0.304055382951624	-0.241337815318345	-0.373927299387806	-0.210716982111017	0.0613057307437157	1.98350998268346	2.13861039862626	0	0	0	0	0	0	0	0	0	0	0	0	0
ENSMUSG00000022218	-0.0492846768534378	-0.200147446800606	0.153804656541221	0.106477175993287	0.065339155757258	0.0110110912465058	0.221228671498763	0.0712155532276686	0.0273020606394976	-0.0423909609237745	-0.812471105243724	-0.753368146518875	-1.63355633672866	0	0	0	0	0	0	0	0	0	0	0	0	0
ENSMUSG00000022340	-0.2382467171073	-0.106694953626543	-0.225426145536459	0.265101298241871	0.0207116723290683	-0.168087210049543	-0.0750996492732314	-0.129242562789202	0.244913164873884	0.121562242674033	-0.334594491487197	-1.64893414446967	-3.26971630660426	0	0	0	0	0	0	0	0	0	0	0	0	0
ENSMUSG00000022347	0	0	0	0.0728028823726583	0	0	0	0	-0.563519346040811	-0.907123272491816	-1.51356163724459	-4.30034046198018	-11.8948919830894	0	0	0	0	0	0	0	0	0	0	0	0	0
ENSMUSG00000022508	0.0475425741443103	-0.0636725092240256	0.0788482271754891	-0.0332683175816764	-0.0565740710492644	-0.0399859196951016	0.121589714346645	0.23334458488534	0.0997440413610078	-0.0487666227294139	1.35804059951133	2.17755119048845	0.551338683161893	0	0	0	0	0	0	0	0	0	0	0	0	0
ENSMUSG00000022555	-0.755845311681631	-0.0867067582737153	-0.102737431141494	0.00884788144726745	-0.234501279025778	-0.112292664490502	-0.229826106835046	0.162328828462346	-0.164284162341907	-0.244939596966655	-0.425031394879039	0.176413581578736	0.274938356673553	0	0	0	0	0	0	0	0	0	0	0	0	0
ENSMUSG00000022620	-0.466647137066312	-0.104951228295072	-0.0628062883789262	-0.152218780639904	-0.0428225198642718	0.00736118574018629	0.281003071506976	0.176389933210966	0.115694243277961	-0.178038241291874	-0.0734431051774775	0.750115536798651	2.31670782594101	0	0	0	0	0	0	0	0	0	0	0	0	0
ENSMUSG00000022762	0.608741465150103	-0.0244147072288523	-0.0122832793433501	0.0732258194700857	0.0746634876398212	-0.199850079627991	0.253046720326365	-0.0444973898777085	0.0398617250907873	0.343557491407633	0.14090773495672	0.975285467039533	2.38728141188106	0	0	0	0	0	0	0	0	0	0	0	0	0
ENSMUSG00000022848	-0.199868947909446	0.0807476172075186	-0.0844651948665964	-0.214055218826608	0.0227294241379834	-0.0186775728672348	-0.103246617493131	0.0938032831470634	-0.108529083466344	0.035896814710469	-0.139972295983191	0.611249110115493	0.686834584667515	0	0	0	0	0	0	0	0	0	0	0	0	0
ENSMUSG00000023044	-0.633114238670369	-0.0787459882607342	0.0352758521362162	0.176898466872465	0.225407539038065	-0.214304497588886	-0.0360381497955391	0.046013263413041	0.274853342943434	0.360660924540991	-1.20780581622836	2.51432329570099	2.30664780943247	0	0	0	0	0	0	0	0	0	0	0	0	0
ENSMUSG00000023243	-0.244059345418474	0.0236141189556438	-0.0301986195184734	-0.108721175880823	-0.109326238988529	0.0120073881882394	0.165454231211929	0.0512680191014185	0.31992825509597	0.33661541953883	0.395022905121298	0.323667574136058	1.77125304723643	0	0	0	0	0	0	0	0	0	0	0	0	0
ENSMUSG00000023930	0.0155839804262492	-0.0644536536240041	-0.0719649587970754	-0.025013328420664	-0.150526461981473	0.30347707993793	0.0426963868421135	-0.224607790248537	-0.751887982338773	-0.297728157972818	-0.91874723786121	-1.23494014124749	-1.46402040206078	0	0	0	0	0	0	0	0	0	0	0	0	0
ENSMUSG00000024118	-0.460933684974005	-0.0287979517119688	0.0253849618306603	0.127037001237522	0.00891255698542537	0.138122976304038	-0.00664913728840233	-0.0101989924443844	-0.140285921850864	-0.244755632553606	0.588559056791755	0.209018640594654	2.32603726854717	0	0	0	0	0	0	0	0	0	0	0	0	0
ENSMUSG00000024365	-0.0501918698427846	0.0596816767174456	0	0	0.368651790340197	-0.101599483632292	0.0609390643076209	0.2778184426099	-0.158345520181928	0	0	0.121993482162064	4.48348555674911	0	0	0	0	0	0	0	0	0	0	0	0	0
ENSMUSG00000024421	0.465459169163293	0.692616603452834	0.434244073375795	-0.0929919506147217	0.677031520361727	0.000821636018932148	-0.0213761106444434	0.364569529371039	0.430807346542949	-0.077093864316502	-0.0419380662034499	1.47241495742892	3.18240236877618	0	0	0	0	0	0	0	0	0	0	0	0	0
ENSMUSG00000024424	0.00529633949686126	-0.232316862651617	-0.269994849183102	0.0934287166848726	0.18700795898758	-0.0242681465401358	-0.0595866950465034	-0.0164088527174542	0.25250356883931	-0.11696176386995	-0.2591983605501	1.37211853865687	2.20650706106937	0	0	0	0	0	0	0	0	0	0	0	0	0
ENSMUSG00000024430	0.0886584104188651	-0.1733710296158	-0.202258304091236	0.15421800251884	-0.164622843164768	0.0162635782025585	-0.337413471193829	0.277534258830361	-0.136307027208042	-0.375042618825456	-0.864210710226082	1.01967526447663	3.47084345116533	0	0	0	0	0	0	0	0	0	0	0	0	0
ENSMUSG00000024486	-0.119604232575479	0.0613017997131187	-0.00609420026806995	0.0743391686564887	-0.0814992873316887	-0.300105648625174	-0.115512998435637	-0.154389345611986	-0.473307956346607	-0.188992448797495	-0.635763470156065	-0.563257297382749	-0.720159263434339	0	0	0	0	0	0	0	0	0	0	0	0	0
ENSMUSG00000024561	-0.370434083889637	0.0826726754980189	-0.0524731580782714	0.0189484411251133	0.252269518351781	0.117277458027138	-0.00127348654113568	-0.00667641769580207	0.0921467432528393	0.0623136176728334	-0.284788697413702	0.982522984568618	1.9092693509694	0	0	0	0	0	0	0	0	0	0	0	0	0
ENSMUSG00000024697	0.293918169638265	0.0746234184344785	-0.310438060953055	0.181562702317031	0.152525936806199	-0.146020442735716	-0.133216714349754	-0.0827761036533072	0.00955445567544144	0.575014354228252	-0.690732937558086	3.07150985390763	2.74754954831405	0	0	0	0	0	0	0	0	0	0	0	0	0
ENSMUSG00000024776	-0.41555875540269	-0.0462103080212151	-0.0936955482509947	0.254086258205889	0.154910945411188	-0.357039408992706	0.104089984822838	-0.227227186511163	0.417363508752482	0.137851862246857	0.253147946918174	-0.458468371987639	-1.640277674027	0	0	0	0	0	0	0	0	0	0	0	0	0
ENSMUSG00000024899	0.709432512943092	-0.0937075511745267	0.095483151734145	-0.00947095432295608	0.387079741416736	-0.150841870794306	-0.151331000209746	-0.173521107473821	0.139137140752686	0.0594283797887893	0.086226667344306	-1.04213955208003	-1.2279048178995	0	0	0	0	0	0	0	0	0	0	0	0	0
ENSMUSG00000024970	-0.573013515926498	-0.0856437797296943	-0.149652161792854	-0.0426681414164967	-0.0503485808454376	-0.317672654792203	0.166849999137944	0.158455712802804	-0.00676092299122999	-0.0672537531281754	-0.63003335960079	-0.169027996574939	0.00227451840406623	0	0	0	0	0	0	0	0	0	0	0	0	0
ENSMUSG00000025003	0	0	0	0	0.0371832350545382	0	-0.14012907991357	-0.51451799271951	-0.478562272503353	-0.56326133977799	-0.778019150730845	-1.54900925110502	-3.37523108290208	0	0	0	0	0	0	0	0	0	0	0	0	0
ENSMUSG00000025004	0.0272810422463315	-0.128195893629811	-0.258981036895541	0.26248773392363	0.459987598417546	0.0956489906125222	-0.0509398581254645	0.110133532801154	-0.58883421437201	-0.398092548136428	-0.517172212957428	-1.00374584941452	-7.44957167648459	0	0	0	0	0	0	0	0	0	0	0	0	0
ENSMUSG00000025270	-0.375146629818297	0.189566495957374	0.0809147468228701	-0.0411680870990114	0.131584199098771	-0.128515057295912	0.0397724108993707	0.10150989201161	-0.200232909266827	-0.0261735968342478	-0.0138116132542621	3.421511477693	4.24131226162918	0	0	0	0	0	0	0	0	0	0	0	0	0
ENSMUSG00000025332	-0.57618654623018	-0.389450872798625	-0.396277379722879	-0.472885135429025	-0.290589604640337	-0.427222828684204	-0.143939831413801	-0.333024212270837	-0.513546514942535	-0.287696799723768	-0.704688296829612	-0.585064961711949	-0.179414963812991	0	0	0	0	0	0	0	0	0	0	0	0	0
ENSMUSG00000025508	-1.46997989547263	-0.738162001060774	-0.457853339497567	-0.113600951837178	0.109877463626463	0.205855441035538	-0.160469228455229	0.0914682747059725	0.0677349777836387	-0.421846452463449	-0.148521636408245	0.151335010549595	0.0280685988089466	0	0	0	0	0	0	0	0	0	0	0	0	0
ENSMUSG00000025795	-0.127071825383669	-0.110781944511142	0.0104868993530172	0.114456956217875	0.130554580714367	-0.117756651338492	-0.118309694207628	0.0209049959298397	0.217896328280887	-0.072272849246426	0.147592313945628	0.353369825233274	1.39226702994674	0	0	0	0	0	0	0	0	0	0	0	0	0
ENSMUSG00000026278	-0.605491267420631	0.081502196809752	-0.239712496728127	0.254470533482038	0.0396071639201887	0.0963981142549057	-0.138004799181886	0.299656227057004	-0.0636988831309226	0.52721013682905	0.228398578128593	0.935537713968445	0.983132756991597	0	0	0	0	0	0	0	0	0	0	0	0	0
ENSMUSG00000026315	-0.151172441759121	-0.255484687086658	-0.262700809378873	-0.0710496986409829	0.0138974761170144	-0.42792362640717	0.0623243162230001	-0.230724724670451	-0.126726476153029	-0.123502435337029	0.0182458334401381	0.0630908827040981	-1.51920644582155	0	0	0	0	0	0	0	0	0	0	0	0	0
ENSMUSG00000026526	-0.278260165924658	-0.106073116672261	0.0459644979238218	0.054275249718251	-0.0586785488495014	0.0504262218256386	-0.180521601138851	-0.082446512283358	0.0749849187534419	0.0478103288488141	0.260639299891441	0.520877742204846	0.566862012373258	0	0	0	0	0	0	0	0	0	0	0	0	0
ENSMUSG00000026691	0	0	0	0.0373195166487018	-0.0359815616517863	0.0644041277423921	0.0448018826238859	-0.0694942899193199	-1.30455568430539	-0.906758945316665	0.460671204313575	-4.47829377792536	-10.7699399436313	0	0	0	0	0	0	0	0	0	0	0	0	0
ENSMUSG00000026986	0.195431843604188	0.215413547643148	-0.391778464369411	-0.296422955291664	-0.222931523065448	-0.0442364482875119	-0.139797372392962	-0.289242014237954	-0.0805362669874861	0.136321448379712	0.559453026937671	0.50340149638807	1.36719213389122	0	0	0	0	0	0	0	0	0	0	0	0	0
ENSMUSG00000027187	0.192749696638636	0.0798945703726979	0.0250445600670837	-0.0425340969705594	0.34011984215406	0.0151458054617013	0.0716734210933581	-0.117784339440723	0.0722807137365074	0.205036554881948	0.188099732903202	0.441777816031049	0.554595414551125	0	0	0	0	0	0	0	0	0	0	0	0	0
ENSMUSG00000027376	-0.8091819185718	0.0340569425191207	0.191312885963721	0.0373195166487018	-0.0753182307476493	0.0966948495157105	0.064025784345031	0	0	0	-0.147953085980168	-2.27670805128466	-4.58236072652301	0	0	0	0	0	0	0	0	0	0	0	0	0
ENSMUSG00000027489	-0.80604629201361	-0.287899621500225	-0.040964602045219	0.209994055980117	-0.234118784267824	0.136345289856456	-0.128537478348891	-0.464776839818013	0.0943192533148171	-0.00420725948359668	-0.32261844618722	-0.376152985585403	-0.0577494707955792	0	0	0	0	0	0	0	0	0	0	0	0	0
ENSMUSG00000027533	-0.184605052113946	-0.00277297386872455	0.0831370417868058	0.0514159121311266	0.391786759012941	0.150178075173434	0.209763684242212	-0.0582740060744111	0.0998486954946927	-0.327118415058836	-0.544200575953708	-2.37088279161379	-1.57713717352617	0	0	0	0	0	0	0	0	0	0	0	0	0
ENSMUSG00000027568	1.91057212623491	0.317454649021176	0.00527856516230046	-0.0853466530985038	0.0437156759753565	0.0853356804278409	0.0935381009338463	-0.181068430290519	0.0758195620029418	0.187325299833728	0.358287997638693	0	0	0	0	0	0	0	0	0	0	0	0	0	0	0
ENSMUSG00000027762	0	0.115415369572012	0.0395417963008246	0.00217220922603065	-0.0062505833582151	-0.0158262198174481	0.144693215839239	0.0201125702664444	-0.0924342400020037	0.387251038170173	0.763417085522154	0.458997050521381	0.868857968035426	0	0	0	0	0	0	0	0	0	0	0	0	0
ENSMUSG00000027870	-0.318063897511699	-0.0285591573382808	-0.0954004076567561	0.289915312452478	0.0858464787086159	-0.218917339517382	-0.290875359251139	-0.123373139245428	0.231450337784928	0.251602572674635	-0.0637599023746205	-2.01966104357212	-7.06496624004751	0	0	0	0	0	0	0	0	0	0	0	0	0
ENSMUSG00000027871	-0.0389711491405547	0.0364593650259888	-0.137727016587041	0.105325741007002	0.125315524251119	-0.222927936141837	0.123877545120294	0.00953224200221214	-0.787041499652014	-0.301171261290573	-0.987531571986977	-4.73531611424555	-4.11704031830177	0	0	0	0	0	0	0	0	0	0	0	0	0
ENSMUSG00000027965	0	-0.0057993138526115	0	0.0311949959767805	0.00983412718532634	0.00376066813640286	0.0881551065101402	0.120525289949857	0.182387378031254	0.228051286373775	0.399297553127259	0.330274339083541	2.5799325372426	0	0	0	0	0	0	0	0	0	0	0	0	0
ENSMUSG00000027983	-0.334312390459881	-0.10457751569729	-0.340143694567096	-0.00528413429576152	0.07625130549342	0.0977631444392749	-0.00958853115495639	0.352487607144016	0.0683248451741413	-0.118227856125098	-0.83659429997982	1.78995782935234	2.87493084690556	0	0	0	0	0	0	0	0	0	0	0	0	0
ENSMUSG00000028028	0.0676871333776328	0.444680368877352	-0.0114767278066239	0.0283804671266759	0.158418491638932	-0.188712754486635	0.0397246918720948	0.336940361223592	-0.00357215753346596	-0.0382499329965342	0.377808405086876	1.25212859689159	0.18462498738042	0	0	0	0	0	0	0	0	0	0	0	0	0
ENSMUSG00000028114	0.286968569198467	0.346618121392781	0.0374099377400094	-0.0604764732286771	0.219723675048425	0.189052297767761	0.11340397825853	0.0733248439306919	-0.271027495995309	-0.206913488930228	-0.211796313992741	-0.355992903748136	-0.379386215608227	0	0	0	0	0	0	0	0	0	0	0	0	0
ENSMUSG00000028238	0.00670148985679009	-0.0889941911859816	-0.216926894220251	0.191380845044951	0.351088820047703	-0.121027045262786	-0.147029252479789	-0.0573591522179924	-0.433615724274162	0.161577726176184	-0.390254409328374	-1.52520952479702	-4.62018672518878	0	0	0	0	0	0	0	0	0	0	0	0	0
ENSMUSG00000028381	0.563159031820063	-0.120330312702784	0.0490543740398515	0.011285366517928	0.0711513924371019	0.0338387687438928	-0.263341951878733	-0.1539726781602	-0.0558579733743958	-0.17079657531619	-0.626215162928362	-0.414914952865944	-1.01367135866952	0	0	0	0	0	0	0	0	0	0	0	0	0
ENSMUSG00000028496	0.0999155888392256	0.146655814538823	0.143401392998993	-0.0782071621280114	0.215053303946428	-0.122030427167021	-0.179797681159996	-0.132408745972974	0.0778058181780477	0.26315793084377	0.0352368768781526	-1.48330649463633	-1.19059029119976	0	0	0	0	0	0	0	0	0	0	0	0	0
ENSMUSG00000028603	-0.0596528178084421	0.174138703147293	-0.0374919665637901	0.00184141144622707	0.197667048588306	-0.227385753431246	-0.382781769495523	-0.161039388575162	0.319492530144061	-0.134125422838514	-0.129122911355354	1.44599734192268	1.84591864575534	0	0	0	0	0	0	0	0	0	0	0	0	0
ENSMUSG00000028648	-1.26833526010894	-0.322949903858383	0.00374625945306617	0.0633100923019292	-0.236792639616409	0.302795190338484	-0.519876936966369	-0.0619383012534476	0.398834039366336	0.167014453204734	0.491993472763524	0.668967628165746	0.533725801241118	0	0	0	0	0	0	0	0	0	0	0	0	0
ENSMUSG00000028743	-0.701248507350599	-0.377905637600091	-0.354345926092343	0.121125570443485	0.238697220738983	-0.062907802044589	-0.0849003572975304	-0.00767035573021069	0.187307741394895	0.00754267477767812	0.128900839262474	0.686321570566605	0.663540157871372	0	0	0	0	0	0	0	0	0	0	0	0	0
ENSMUSG00000029086	0.129366269801119	-0.0853301444214836	-0.0238232579170283	0.130253778484715	0.108793181343658	-0.294007361719629	-0.342298400235976	-0.242774474336882	-0.100246619710873	0.410008879303142	-0.202467923296783	-3.14372361920789	-3.66934937330818	0	0	0	0	0	0	0	0	0	0	0	0	0
ENSMUSG00000029122	-0.269696224488363	0.348650437431251	-0.136633067487194	0.0219173282002814	-0.133040449938213	-0.181503127722614	0.415851636602225	0.361751900502458	-0.165168360872941	0.0999482265982641	-0.597815313196784	-0.338812425835887	-1.35483083258597	0	0	0	0	0	0	0	0	0	0	0	0	0
ENSMUSG00000029227	0.175583191828888	0.160209365634964	-0.108164765702356	0.090133524997273	0.217118533918288	0.108280349385973	0.0835391883770118	-0.00994062151417729	-0.115249982621798	-0.130739748538089	-0.180758102095945	-0.398346222419216	-0.115104415811037	0	0	0	0	0	0	0	0	0	0	0	0	0
ENSMUSG00000029802	-0.0694180812483971	0.109365735143222	0.00122302031852684	0.00790840704139484	0.135781435387544	0.0332862025803706	-0.150898917451241	-0.115510520935139	-0.103935613583452	-0.223535506960531	0.0371810388641878	0.971865833531689	1.70477105182046	0	0	0	0	0	0	0	0	0	0	0	0	0
ENSMUSG00000029822	0.231461040787669	0.0790255073498018	0.134105535034271	-0.00821616747188125	-0.270664930809652	-0.0680526738221907	-0.243047336435942	0.14217678534199	-0.135161821430174	-0.191609495091825	0.463320577498427	0.461899469729098	3.27618419430979	0	0	0	0	0	0	0	0	0	0	0	0	0
ENSMUSG00000029833	0.274828368605921	-0.0727319776394744	0.0726533213588079	0.125591178967628	0.164085467462773	-0.116157365604438	-0.0599310823206141	-0.0593121677864463	-0.000368662695344746	0.0705017260260377	0.220998546731009	-2.3024810224362	-2.03030754818564	0	0	0	0	0	0	0	0	0	0	0	0	0
ENSMUSG00000030004	0	0.0272596982689823	0.0631758511402566	0	0.0371832350545382	0	0.0448018826238859	-0.00982399089020691	0.00273257353417203	-0.03494898394248	0.111027667057313	2.31108512476755	4.17578614734476	0	0	0	0	0	0	0	0	0	0	0	0	0
ENSMUSG00000030126	0.0254179035808617	-0.0275317503840089	-0.228020513478436	-0.00529543183891246	-0.0904694418665173	-0.279795202188097	-0.0498791921456272	-0.113529778808904	0.121459578941961	-0.0526676501543584	0.130748226095912	0.144261167198313	1.03323027768622	0	0	0	0	0	0	0	0	0	0	0	0	0
ENSMUSG00000030401	-0.479396325734563	0.148351789239903	-0.0913586256206176	-0.0886825736741197	-0.0876354247347355	-0.00911036181036029	0.173849603930049	-0.12291017844044	-0.286584942300066	-0.379929939074199	-0.295434076714707	-0.28254520006457	-2.08484593239326	0	0	0	0	0	0	0	0	0	0	0	0	0
ENSMUSG00000030562	0.146491457840289	0.180467140740346	0.00202779066451431	0.300916014737953	-0.134926209650919	0.0639153263026466	0.212784265914467	-0.233673369364744	-0.192342357062293	0.0835394615317971	0.478272558870393	1.78999871113282	5.26352896702345	0	0	0	0	0	0	0	0	0	0	0	0	0
ENSMUSG00000030654	-0.312439620423023	-0.0992957885517445	-0.126143702289212	0.0267152584939083	-0.0180743728236497	0.0959749152605092	-0.140994507769239	-0.00894204509032903	0.177203410316841	0.0199637860843316	0.124057413991054	0.843483579139384	1.04291197129229	0	0	0	0	0	0	0	0	0	0	0	0	0
ENSMUSG00000030680	-1.12072537132846	-0.338312166802603	-0.171364173687619	-0.0179086408124993	-0.356163995792756	-0.172937617371817	0.190812588503308	0.238547001896564	0.0246023897123502	0.120969041539408	-0.385900471024172	0.387290132617513	0.212929506633624	0	0	0	0	0	0	0	0	0	0	0	0	0
ENSMUSG00000030701	-0.0864505360252064	0.263206581076304	-0.169282924870546	0.642508157090602	0.100294336097386	-0.588212430479425	0.126290923237082	-0.199658354913005	-0.155788709758212	-0.128033198942897	-0.259531147887516	1.17627977577137	1.10337223941205	0	0	0	0	0	0	0	0	0	0	0	0	0
ENSMUSG00000030851	0.070195286041004	-0.0879258322675752	-0.0556849557175457	-0.00690804191727426	0.191366197409697	0.0330118255839021	0.0931536515824369	-0.0403998221708158	-1.32607451102552	-0.157087233694453	-1.37511998911733	-1.02857824436546	-1.09401451414176	0	0	0	0	0	0	0	0	0	0	0	0	0
ENSMUSG00000031226	-0.286534592395504	-0.141594340963728	-0.156849378774873	-0.411408749032106	-0.252963292647028	-0.184298211455889	-0.460773391482094	-0.289820876323871	-0.369773400117422	-0.62640526937246	-0.304669672971121	-0.671614637233963	-0.252931777278022	0	0	0	0	0	0	0	0	0	0	0	0	0
ENSMUSG00000031227	-0.330653370799781	0.150322267941227	-0.268758415669955	0.14907992612634	-0.203596775434202	-0.346902038329701	0.246603340232434	-0.0994735383349883	0.00923011906793691	0.357904026664957	0.1501627233534	0.880433501628243	1.17888728815032	0	0	0	0	0	0	0	0	0	0	0	0	0
ENSMUSG00000031326	0	0	0	-0.0856551866313959	0	0	0	0	-0.225671200062451	0	-0.0824217762703171	-2.55611192605469	-2.32187630369284	0	0	0	0	0	0	0	0	0	0	0	0	0
ENSMUSG00000031383	-0.488185603877463	-0.332429706100918	-0.276373389468684	-0.19354352310256	0.111223624206509	0.0775952380656015	-0.0245320010154124	0.132629362141484	-0.616066214164813	-0.350711227460077	-0.57884552227807	0.0440835367104598	-0.04245503813066	0	0	0	0	0	0	0	0	0	0	0	0	0
ENSMUSG00000031553	0.00858133171862628	0.0609596311006502	-0.131272583708729	-0.0884569651014119	-0.0510552314192785	-0.32477551147966	-0.19882677687279	-0.0642679549662768	-1.5215163489759	-0.0639986894590958	-1.68031713057982	-1.50948069712911	-1.70285444348671	0	0	0	0	0	0	0	0	0	0	0	0	0
ENSMUSG00000031665	-0.164978926381236	-0.135118914380769	-0.00970546414006623	0.219683645815635	0.210087158204908	-0.164150177610839	0.180314873791204	0.0540659435421853	-0.231698094411541	0.187333462125168	-0.453427076552383	-1.5167631290004	-1.67101189120403	0	0	0	0	0	0	0	0	0	0	0	0	0
ENSMUSG00000031826	-0.274823403306979	-0.138130546038247	0.00900929153424102	0.0657977550368249	0.0630991910718715	0.0594108404506732	0.0541977294896352	0.00757673709779016	0.098841840066509	0.0709574727261622	-0.1049511662998	0.512423738267339	0.799812704059548	0	0	0	0	0	0	0	0	0	0	0	0	0
ENSMUSG00000032094	-0.0487792035390869	-0.0685828206457745	0.000989394502152074	-0.0561523373239577	0.245906715507553	0.0638610832307922	-0.366405299197021	0.194206690391587	-0.524944460468718	-0.251854368432499	-0.230861997199406	-0.482773001059004	-0.653136012822224	0	0	0	0	0	0	0	0	0	0	0	0	0
ENSMUSG00000032098	0	0	0	0	0	0	0.0261698379280773	0.231751855101164	-0.103120826305974	0.0868852172435018	-0.258496069942665	0.744985112092326	1.11208423346536	0	0	0	0	0	0	0	0	0	0	0	0	0
ENSMUSG00000032271	-0.113800431752662	0.0260397633988532	-0.115415754053955	-0.00666855543309958	0	-0.0525870103929931	-0.0295123165888153	-0.112319200776686	-0.0144336624359954	0.0828806133461363	-0.289696928374616	-0.673802484392264	-1.3484587854642	0	0	0	0	0	0	0	0	0	0	0	0	0
ENSMUSG00000032306	-0.163908874372962	-0.0754667220102352	-0.0991521965686806	0.0062217103626967	0.00530222258873891	-0.17439084797452	-0.00619651417641753	-0.0551752484138697	-0.149224516217346	-0.217137706111305	0.0968120063688289	0.25517329857179	0.56302051742401	0	0	0	0	0	0	0	0	0	0	0	0	0
ENSMUSG00000032350	0.231507624934579	0.157150672709196	-0.0311296717511302	-0.00900570750571639	0.134307354847032	0.0573538184462752	-0.0740258391524957	-0.0766821098346115	0.467758923471388	0.0786805337990248	0.198539047354917	1.04469999069143	0.425091233184492	0	0	0	0	0	0	0	0	0	0	0	0	0
ENSMUSG00000032386	0.130898166467051	0.178439512539878	0.0251007011598237	0.0342150358501847	0.108215918869298	-0.00115148646204055	-0.158219320168821	-0.186075770170321	0.097622717626054	-0.0573282385355638	0.139310913958728	0.861985842549366	1.28900455878044	0	0	0	0	0	0	0	0	0	0	0	0	0
ENSMUSG00000032420	-0.0359950020526947	0.0463696942823759	-0.0487724174449573	0.0299390227693834	0.182715619143441	0.0517445226571187	0.036656686098798	-0.138430361319021	0.186701777098269	-0.244153839890395	0.117930279152811	-0.666132278557425	-3.16208052556552	0	0	0	0	0	0	0	0	0	0	0	0	0
ENSMUSG00000032482	-0.0813517780373511	0.429499186655212	0.0319741011246778	0.0191245222328664	-0.240966649133197	-0.49263573646456	0.29235261499846	0.198458955823487	1.28394559458105	0.181597619782718	-0.370400241104702	2.0050937631015	3.41724303403935	0	0	0	0	0	0	0	0	0	0	0	0	0
ENSMUSG00000032513	-0.525266368042006	-0.128301718980072	-0.110859419145583	-0.0403310497664631	0.0431968769563706	-0.212161127380516	0.039156990219694	-0.119663834094597	0.291879318945074	0.323412538447271	-0.0392569014985291	0.267582236053629	0.673982782898233	0	0	0	0	0	0	0	0	0	0	0	0	0
ENSMUSG00000032557	0.305621864271219	0.440921254553884	0.389380962657299	0.551611335669621	0.590893713002715	0.494768602375022	0.416457588462601	0.609587247757788	0.697779865561798	0.529767421336248	0.249875449874399	0.312609539309807	0.707154788211255	0	0	0	0	0	0	0	0	0	0	0	0	0
ENSMUSG00000033615	0.366478963583739	0.178979493006366	-0.00800357116265484	-0.0850925858393869	-0.076254766603252	0.132323941254286	0.378184930202462	0.10169696403977	-0.0131917239706563	1.80553094045892	1.30871277643113	0.369359686382449	0.487864782398087	0	0	0	0	0	0	0	0	0	0	0	0	0
ENSMUSG00000033967	-0.14780520285289	0.0194060622533181	-0.222734812725994	0.157766460829399	-0.287477320710031	-0.143705949948385	0.0755757808583906	0.413432019154805	0.180666800166429	-0.535266594515733	-0.344102738036589	-1.82104677291713	-1.56927787479331	0	0	0	0	0	0	0	0	0	0	0	0	0
ENSMUSG00000034826	0.0389953876641949	0.0859245502755837	0.0270524909647918	0.0185397142675852	0.192810562604204	0.12667920714108	0.0941771930875657	0.0971641253085975	-0.202521454447331	-0.109628383122266	-0.301375139157165	0.0963625894932143	0.860142545691364	0	0	0	0	0	0	0	0	0	0	0	0	0
ENSMUSG00000035031	-0.421924843820663	0.119701621652101	0.0334030747414218	0.183663763859951	0.266593026481014	-0.159278438979964	0.122819987243119	-0.0605248975096693	0.137990189766581	-0.163842619877348	-0.0445310184626226	0.927991924678468	2.12188053008011	0	0	0	0	0	0	0	0	0	0	0	0	0
ENSMUSG00000035150	-0.790340855722971	-1.15671377821711	-0.824798042843065	-0.575515821882409	-0.770012946797341	-0.508837069251328	-0.732845235758356	-0.449646472383676	-0.522195749278529	-0.344484883053107	-0.531131798965412	-0.42179118818233	-0.295917203533196	0	0	0	0	0	0	0	0	0	0	0	0	0
ENSMUSG00000035354	-0.00528606050101743	-0.128657627427514	-0.0666150273754615	-0.0859212576292112	0.0768750424182372	-0.0457221917170632	0.111339659799648	-0.137804892161011	-0.0990634882549628	-0.110539388484814	0.0576220810095567	0.163478121919806	0.668284380290072	0	0	0	0	0	0	0	0	0	0	0	0	0
ENSMUSG00000035811	0.0424327624366383	0.152412208875419	-0.200181863166834	0.271630858880881	0.0848813298965609	-0.0335730699837438	0.0279429291625295	-0.184034913239848	0.211259730305848	0.383747892035094	0.301674347356228	0.973652264981235	1.68723984382204	0	0	0	0	0	0	0	0	0	0	0	0	0
ENSMUSG00000036151	-0.452630719168055	-0.652014457011777	0.311855881472488	-0.0972245879668674	0.135153021774796	0.117606758261722	-0.278402089801621	-0.487499216183149	0.213227370194951	-0.148281828308547	-0.653662909322724	-0.778490523720643	-1.09092341241436	0	0	0	0	0	0	0	0	0	0	0	0	0
ENSMUSG00000036564	0.282568808980737	0.0163839143747107	-0.332911461513029	-0.250617544801472	-0.327297304832676	-0.573014098730606	0.70781268993178	-0.195885179688232	-0.262075327963741	2.69501036272502	1.45334502066132	1.10413449609642	0.774214831945563	0	0	0	0	0	0	0	0	0	0	0	0	0
ENSMUSG00000037263	0	0	-0.0241453615508562	0.0438393237756252	0.241618972152875	0.0210298377554227	-0.0116967638592986	0.131510141041341	-0.592255093172982	0.0839784511331347	-0.504888175686786	-2.10158988399093	-4.82040359474641	0	0	0	0	0	0	0	0	0	0	0	0	0
ENSMUSG00000037369	-0.252069416336778	-0.675221477438556	-0.802633045503633	-0.829701581595868	-0.690531976111776	-0.778225673160447	-0.843824106629132	-0.835643465311636	-0.695828893253498	-0.675346735241029	-0.586070602473757	-0.848346105870204	-0.438778113604727	0	0	0	0	0	0	0	0	0	0	0	0	0
ENSMUSG00000038576	-0.544358259557587	-0.392422839252905	-0.248242966108507	0.159160714465883	-0.0601506567706824	-0.190421099406181	-0.0180325120960392	0.421226287520171	-0.461208016647982	-0.254487679220523	-0.396276115725682	0.763829229905755	3.98592791512337	0	0	0	0	0	0	0	0	0	0	0	0	0
ENSMUSG00000038599	0	-0.0322471278236303	-0.0149635794639024	-0.000148748306176186	-0.0625564307801298	-0.0830884655142778	-0.0429588636396822	-0.100644047646478	0.11338345085862	-0.299810462883421	-0.356229626361015	1.10692976378892	5.71449246771001	0	0	0	0	0	0	0	0	0	0	0	0	0
ENSMUSG00000038656	0	-0.577291571037801	-0.0130755830454987	0.16024278017518	0.17868925133978	-0.0403750768365807	-0.117871015181532	-0.176804980958304	0.179762835323238	-0.0634786612151146	-0.307068695112177	-6.2416865721406	-7.89026308063732	0	0	0	0	0	0	0	0	0	0	0	0	0
ENSMUSG00000038754	0.0643631839653361	0.0272596982689823	-0.047508623816248	-0.0439880720818014	-0.0881956923437914	0.0330118255839021	-0.147198175542647	0.362126268210248	-0.15582551563855	0.0218998120698357	0.306723944016791	3.16246762399495	4.43275301054705	0	0	0	0	0	0	0	0	0	0	0	0	0
ENSMUSG00000038984	0.34605170045255	0.246476620806726	0.228541128720826	0.0995478988272873	-0.0673510173762506	0.310824498837723	0.455597868661536	-0.396104758679767	0.0188765834558738	0.422198636946	1.0672314888181	1.65293140930099	1.07584339064719	0	0	0	0	0	0	0	0	0	0	0	0	0
ENSMUSG00000039001	-1.09324950008277	-0.454814467980175	-0.027696122371565	-0.105055759320059	-0.15032328723391	0.150440211428213	-0.264263022908105	0.125746184797406	0.0156466210351498	-0.0888048325741035	-0.0913765830949034	0.0842905736302422	0.298003439824973	0	0	0	0	0	0	0	0	0	0	0	0	0
ENSMUSG00000039202	-0.0417319187068186	-0.121613846997928	-0.0962946476975883	0.00933920633964114	0.00775552051039075	-0.0187234515115193	0.137814031150999	-0.039852131119126	-0.156273335302046	0.284881610872011	-0.326149548579405	-1.11772724819128	-2.25604595755262	0	0	0	0	0	0	0	0	0	0	0	0	0
ENSMUSG00000039519	0.260262062048806	0.154741264298609	-0.175130567512226	0.0976997307871835	0.346968895319434	-0.0706745497392433	-0.263198697816578	0.0111929682731331	0.134145504955691	-0.133077895306168	0.0259673667049736	1.25266994044231	3.93235868914142	0	0	0	0	0	0	0	0	0	0	0	0	0
ENSMUSG00000039552	0.344059749458466	-0.120562404833133	-0.216890275669074	-0.0419480204863527	-0.173988366137506	0.270413971846482	-0.172676196950566	-0.278635541411315	-0.453984181625113	-0.446049977174724	-0.208302664453497	-4.05978146819469	-2.40145597955565	0	0	0	0	0	0	0	0	0	0	0	0	0
ENSMUSG00000039958	-0.293988654273709	0.319171259535819	0.0848864506452855	0.105427844848274	-0.0164518816479564	-0.109487213043153	-0.392272157020442	-0.202678548947848	0.240158332878578	0.336423378728839	0.789885521648327	0.973139823942614	2.29964759134847	0	0	0	0	0	0	0	0	0	0	0	0	0
ENSMUSG00000040329	-0.0343329120760462	0.166969026518237	0.0001607252676743	-0.108405856373752	-0.0871978228363313	-0.187267759175819	-0.172069607954985	-0.185140326685594	0.136330556933418	-0.0612891901231098	0.16760709817611	-1.10292619353679	-1.59179802717329	0	0	0	0	0	0	0	0	0	0	0	0	0
ENSMUSG00000040583	0	0.087030449417633	-0.00312722194748616	-0.0363903207595972	0.0123219682512283	0.0385364724704962	-0.511301888898359	-0.233770245964076	0.897193288803113	0.311944334232531	-0.168149961300548	-2.61390809217168	-8.76718460957197	0	0	0	0	0	0	0	0	0	0	0	0	0
ENSMUSG00000040660	0.0643631839653361	0.1256535483879	0.260035937435776	-0.275065743091881	0.613130381889552	-0.309634313002277	-0.939086091204889	-0.273412460702501	0.795850149222264	0.148779001905407	0.228532686438161	-1.8673247183832	-9.12214717073126	0	0	0	0	0	0	0	0	0	0	0	0	0
ENSMUSG00000040731	-0.434084772663237	-0.192267179138852	-0.202608933840796	-0.00966992974374925	-0.0460980986395843	0.077971152174996	0.050820704832061	-0.0218416454259263	-0.00703670074079277	0.0401619117443817	-0.0496514695524741	0.146896939477433	0.35801039589872	0	0	0	0	0	0	0	0	0	0	0	0	0
ENSMUSG00000040840	1.45698804019251	0.686500733652756	0.0395417963008246	-0.000148748306176186	0.105469693994167	-0.190639751397676	0	0.0124581251765647	-0.0144336624359954	0	0	0.0898353031259201	0	0	0	0	0	0	0	0	0	0	0	0	0	0
ENSMUSG00000041333	0	0	0	0	0	0	0	0	0.243729679613918	0.234738533685706	0.104620412516887	1.46201006171233	2.80185954398876	0	0	0	0	0	0	0	0	0	0	0	0	0
ENSMUSG00000041653	-0.570109901911285	0.015832074373741	-0.120795821278829	-0.0364269264414805	0.356620000676529	-0.268559470324831	0.076527739024538	-0.527107451404106	0.719260100320873	0.00171845586817998	-1.306667020146	-3.40075128339884	-2.84691378943524	0	0	0	0	0	0	0	0	0	0	0	0	0
ENSMUSG00000042246	-0.00240992463200707	0.366548612037153	0.0519875121166629	0.184949102647907	-0.0916817863407543	-0.0809532842896503	0.493311661827696	0.129810421143186	0.0456343166068376	-0.133077895306168	0.0715483891307835	1.2997515488575	2.90141404683885	0	0	0	0	0	0	0	0	0	0	0	0	0
ENSMUSG00000042248	0.0643631839653361	0.2224975769567	-0.0979552984793763	-0.217106168819663	0.00786534820545737	0.00437482910162845	-0.0798958513463219	-0.347095671540407	-0.64811483920337	-0.488404570303934	-0.274405688152846	-1.64832371386725	-3.73580131338695	0	0	0	0	0	0	0	0	0	0	0	0	0
ENSMUSG00000042271	0.450397022122587	0.267730111668921	-0.0853441392788543	0.0130157861729776	0.247926783380544	0.0121449559753861	-0.132898762212672	-0.135562754251433	0.150163337009669	0.156839018865614	0.252331346569078	0.325765659908304	0.0586052048566064	0	0	0	0	0	0	0	0	0	0	0	0	0
ENSMUSG00000042510	0.764190784234329	-0.0492464189059199	0.129097554530923	-0.126108420495782	0.023378688056523	0.0253927654838577	0.215164231682987	0.188767248823677	0.155632258415142	0.278426580113896	0.368836318021545	0.236336850055483	1.31827156324864	0	0	0	0	0	0	0	0	0	0	0	0	0
ENSMUSG00000042589	0.0943379291356807	0.100427827873	-0.101800323377215	0.145395507367753	0.00645358388158357	-0.63882622784328	0.165378119485708	0.0697737984869411	0.0300989245789722	0.129002981940324	-0.678785674670561	-4.38472755352839	-5.88053333727758	0	0	0	0	0	0	0	0	0	0	0	0	0
ENSMUSG00000042854	-0.585200860103062	-0.231763852754092	-0.178881625717533	0.034105418535324	-0.121925156617304	-0.0214873143080694	-0.158217198977124	0.156820373350573	-0.0160004732625754	-0.325791953158013	-0.379841144588416	0.0103982253342016	0.0173784556675849	0	0	0	0	0	0	0	0	0	0	0	0	0
ENSMUSG00000043183	0.0530524145837239	0.290946336417592	0.160869311260992	0.116606579237431	0.164005219419225	0.127732108909788	0.192551311552211	0.179089285870594	-0.220042553507099	0.0676361579863527	-0.16731080352684	0.191294113703168	1.20708923161058	0	0	0	0	0	0	0	0	0	0	0	0	0
ENSMUSG00000043671	-0.241999775670891	0.0109843208714731	-0.136957092659289	-0.00171389961628776	0.22816750340753	0.0166033820953579	0.122497096962909	0.194048396628153	-0.0885478704087532	0.517261604391363	0.0450705308243746	1.21222146558289	3.16887870378673	0	0	0	0	0	0	0	0	0	0	0	0	0
ENSMUSG00000044086	1.08283035639726	0.33633927965931	-0.0757174856568548	0.0551916409825878	0.534088952237172	-0.0131067290707679	-0.0396235868282024	-0.207062772470353	-0.335831988751498	-0.288357244901334	0.310567500055806	-1.25793215474541	-2.38238916030417	0	0	0	0	0	0	0	0	0	0	0	0	0
ENSMUSG00000044350	0.0250549614076903	-0.00794294828719977	0.0992196457720542	-0.0176733284174366	0.216946813233269	-0.112703785188438	0.342149713610882	-0.407908986496533	-0.351307544758485	-0.111913357735644	-0.446990449638971	-1.04698065304074	-1.24399893446156	0	0	0	0	0	0	0	0	0	0	0	0	0
ENSMUSG00000044378	0	0.0272596982689823	-0.0241453615508562	0	0	0	0.000207407673927025	0	0	0	0	2.38102651958057	3.60000782937604	0	0	0	0	0	0	0	0	0	0	0	0	0
ENSMUSG00000045039	-0.483500329422897	0.200598457616238	-0.215386652731222	-0.0863526268551666	-0.122599555020861	-0.330416056093819	0.280726084861239	0.451657941871331	-0.0368230735971107	0.197682178767736	0.0435559126197003	1.04731312817879	1.62544129369455	0	0	0	0	0	0	0	0	0	0	0	0	0
ENSMUSG00000047261	-0.42846133377333	-0.00232795516657358	-0.168844801575764	-0.0525014486569422	-0.243800400696191	-0.586421693871628	0.606467397874328	-0.175161135957971	0.375324354312508	1.85214372206361	0.933750814375194	1.05134612202199	1.06269984084271	0	0	0	0	0	0	0	0	0	0	0	0	0
ENSMUSG00000047767	-0.436966450819611	-0.0338986343982617	-0.0477656563537834	0.145613354620162	0.112582981723558	-0.25731354995548	0.165291701425233	0.117373991224312	0.00415272582609916	-0.215183433538858	-0.226933651853736	0.738302811123547	1.83845512705447	0	0	0	0	0	0	0	0	0	0	0	0	0
ENSMUSG00000048368	0	-0.0330590121215938	-0.0841590986562094	0.0288148102908569	0	-0.139352635639645	0	-0.16346183715526	0	-0.15185792033957	0.0630515654654627	0.771670551824441	3.02261469638543	0	0	0	0	0	0	0	0	0	0	0	0	0
ENSMUSG00000048497	-0.206140172115294	-0.0333133523947637	0.299956710695637	0.13229142004347	0.025365326149263	-0.268758180807154	0.148774426682011	-0.234642868455654	-0.646601685701636	-0.183755067138016	-0.379284048892953	-0.682420074943319	-1.12189184702211	0	0	0	0	0	0	0	0	0	0	0	0	0
ENSMUSG00000048911	0.386859675136392	0.106767196366893	0.0846963352402219	-0.0111606607652859	-0.0701034252947177	0.0195925641388004	0.11126528176444	-0.0179307263075277	0.0178964792561982	-0.616062689577446	-0.412155776003333	-0.52722949554787	-1.24266885215042	0	0	0	0	0	0	0	0	0	0	0	0	0
ENSMUSG00000049086	-0.5153597857646	-0.325836938075933	-0.241206604738157	-0.183409301852702	0.0279241656846327	-0.372337192379585	-0.13540669653958	-0.282946290779083	-0.0439744091347753	0.0981530144773992	-0.131673796410582	0.364282499026191	1.55886324420984	0	0	0	0	0	0	0	0	0	0	0	0	0
ENSMUSG00000049517	-0.464758034076431	-0.53892938706588	-0.0943526581057039	0.130796546593611	-0.0819935543582435	0.333390770018106	-0.38683029369516	-0.125417824590859	0.0650001023459499	-0.223744562868206	-0.131552495971975	-0.410586482682729	-0.533472392739938	0	0	0	0	0	0	0	0	0	0	0	0	0
ENSMUSG00000049580	-0.32178747340176	-0.04068408592713	-0.286677885884616	0.330044554984056	-0.0417488883842867	-0.107148493726186	0.319632430430757	0.228508599977246	-0.645944806970641	-1.02728713168721	-0.0546172368504392	0.871436349047566	3.40767827743111	0	0	0	0	0	0	0	0	0	0	0	0	0
ENSMUSG00000050035	-0.1591116422088	0.0631560223284809	0.209226167063336	-0.223455823925881	0.109411441244757	0.0617493451478852	0.0611447844811205	0.0533769216495504	-1.1082511092988	-0.253971500918644	-1.26994647939976	-1.37995006721626	-1.35935445219428	0	0	0	0	0	0	0	0	0	0	0	0	0
ENSMUSG00000050240	-0.384862150576494	-0.203945800951066	-0.143367578664901	0.0347845158663791	-0.0498018842430819	-0.237830022382187	0.155800590466437	0.00359989370145275	-0.378434769478055	-0.0796325224530108	-0.451972523999153	-0.35141009586671	-0.808336906150997	0	0	0	0	0	0	0	0	0	0	0	0	0
ENSMUSG00000050248	-0.159854658770719	0.18405369878117	-0.157141123425483	-0.00885459488133478	-0.174143771706898	-0.190756130075673	0.3221823335452	0.471346723945509	-0.24510864981193	0.392967912379504	-0.849972865999071	-0.0973472689473867	-1.96975367802319	0	0	0	0	0	0	0	0	0	0	0	0	0
ENSMUSG00000051483	-0.218151817827285	0.0128832253725761	-0.0375828010010792	-0.0896273860398384	0.0950919295318515	-0.0384897137096951	-0.339739222169888	-0.166777145625286	-0.14816275066784	-0.311859141007786	-0.0690463610933199	-0.477450431442274	-0.92156251646013	0	0	0	0	0	0	0	0	0	0	0	0	0
ENSMUSG00000051615	0.151906148478864	0.0254476941404906	-0.126320104534892	-0.0361751676921918	-0.238527929880752	-0.164519169867555	-0.109344710098321	-0.0964035968300188	0.164754613697919	0.0553689859364477	0.0555502669003873	0.286287786840125	0.979606991364317	0	0	0	0	0	0	0	0	0	0	0	0	0
ENSMUSG00000052062	0.325448938140247	0.00267478601628968	0.14564792148338	-0.0680732960488757	0.0152611888142595	-0.151826996217834	0.0352390145422752	-0.20335380343869	-0.216833963151756	0.0837408301234168	0.14235436665841	0.494514602012768	1.72662666067579	0	0	0	0	0	0	0	0	0	0	0	0	0
ENSMUSG00000052131	0.22497934706903	0.051529258185774	-0.0526461975316503	0.214172915421121	0.129414660159982	-0.928561574143445	-0.609414720471585	-0.00110475772529917	-1.01163083958559	-0.551089445158881	-0.658750324675749	-1.01652569475571	-1.52504335775176	0	0	0	0	0	0	0	0	0	0	0	0	0
ENSMUSG00000052133	-0.554353329058753	0.41134895744652	0.156485838682529	0.454310716423082	-0.218146450437707	-0.343873991927735	0.23861218478747	-0.192269936796382	-0.369595237867969	-0.147039333435624	-0.0565963952887455	2.15475657682431	1.01211430093351	0	0	0	0	0	0	0	0	0	0	0	0	0
ENSMUSG00000052727	1.13598603385431	0.565555985747791	0.163913695945693	0.234330623434206	-0.887257620485638	-0.313031108713715	1.17117631536011	0.197319617873637	0.690774905386614	1.90442607160183	1.55614678284502	1.80219762707442	1.48106891285508	0	0	0	0	0	0	0	0	0	0	0	0	0
ENSMUSG00000053303	0	0	0	0	-0.0359815616517863	0	0.0931536515824369	-0.0333956517128482	0.566932541063666	0.175680496570181	-0.349757762073006	-2.10560879691011	-8.93672594548223	0	0	0	0	0	0	0	0	0	0	0	0	0
ENSMUSG00000053398	-1.04266728168468	-0.685852529846794	-0.0442927310047594	-0.193766928139008	-0.437022839029929	-0.306345325966066	-0.0887602444802722	-0.402736930501099	-0.0895244629067733	0.332433226398022	-0.735700464534206	0.0614105374859383	-0.086663850497888	0	0	0	0	0	0	0	0	0	0	0	0	0
ENSMUSG00000054417	0	0	0.0144164825204065	0.11339137618749	-0.816537879132512	0.0112821140300499	-0.347001542430652	-0.24226414682861	0.371683458502336	-0.0533201666768477	-0.43203756947379	-4.53898032039499	-8.84010984091758	0	0	0	0	0	0	0	0	0	0	0	0	0
ENSMUSG00000054630	-0.0265762651358952	0.0881577973975469	0.0268487392676038	0.146219128342882	0.307413996620996	-0.100201924056974	-0.33215762446024	-0.397082057555032	0.534005777884918	-0.0257460838349335	-0.140261876625967	0.900045505510725	1.55654422487948	0	0	0	0	0	0	0	0	0	0	0	0	0
ENSMUSG00000054737	0.166568907246979	0.454998704772546	0.262555560799594	0.0982147164306912	0.23423837512039	0.177143779478786	0.142040582686593	0.0789784149793564	0.111073085496714	0.0499771883877251	-0.0419879585817635	0.227776771486256	0.157226100324322	0	0	0	0	0	0	0	0	0	0	0	0	0
ENSMUSG00000054764	0.296447376588731	0	0	0.0373195166487018	0.0458156888371126	0	0	-0.0486448829203409	-0.368304991730345	0.049940564945776	0.485308611654994	1.97000416122585	1.30050068306799	0	0	0	0	0	0	0	0	0	0	0	0	0
ENSMUSG00000055782	0.261525733373191	0.248481294073286	-0.0259949856379542	0.169067028526147	0.438645004400094	-0.192040746319242	-0.0732706770580798	0.0568473585363698	0.0372274297811543	0.0506176336967545	-0.0571995997165189	-1.14472980679038	-4.14773205107045	0	0	0	0	0	0	0	0	0	0	0	0	0
ENSMUSG00000056436	0.743118214934479	0.331114946467542	0.125778574077747	0.587722474884159	0.390555974154615	0.124334649145418	0.607609615870931	0.30771902389712	0.181087339926262	0.077651299991253	-0.18167779824731	-0.00975008190854353	0.0540754712517892	0	0	0	0	0	0	0	0	0	0	0	0	0
ENSMUSG00000056673	6.06881067341427	5.59688760635123	5.46078621736544	5.46199882450113	5.2037380740496	5.39478864788609	5.38898551783531	6.10921710995755	5.68987498853223	5.61908921676925	5.75201748011525	5.83761960094951	5.87368608050576	0	0	0	0	0	0	0	0	0	0	0	0	0
ENSMUSG00000057113	0.337640707367708	0.276690415573672	0.0626668124680929	0.0888555419802675	0.192833391328254	0.0548462465204071	-0.209775215237237	-0.0791075533607355	-0.315277472642141	-0.345560844601751	-0.0757555372399636	-0.458589221319949	-0.199312535507991	0	0	0	0	0	0	0	0	0	0	0	0	0
ENSMUSG00000057425	0	-0.056651927151826	-0.0306308067879111	-0.106607661610326	-0.168433729163686	-0.150600049417663	-0.0102792195338678	-0.123960268620817	0.0517113059316114	0.0218998120698357	-0.149843189690482	-1.8747459501209	-3.97670326227614	0	0	0	0	0	0	0	0	0	0	0	0	0
ENSMUSG00000057933	0	0.015092311642295	-0.0102441330507464	0.0758583930842657	-0.119602622037656	-0.0879994855700681	-0.537699126882828	-0.0507268780008707	0.209853838188173	-0.211366284501945	-0.0207297313128825	1.29093477240342	2.56259840908493	0	0	0	0	0	0	0	0	0	0	0	0	0
ENSMUSG00000057982	0.111960845233554	0.104646699188645	-0.0829109378457393	0.00211786549677484	0.0160693186758922	0.0584972131607784	-0.277178658808725	0.0627179409530503	0.0977534170049701	0.333170603137729	-0.211826702290962	0.217836441359873	1.77266977492872	0	0	0	0	0	0	0	0	0	0	0	0	0
ENSMUSG00000058523	0	0	0	0	0	0	0	0	0.243729679613918	0.6136074450669	0.0221986362465695	1.670840277315	2.6871575487717	0	0	0	0	0	0	0	0	0	0	0	0	0
ENSMUSG00000059713	-0.196520800464322	-0.139807651409771	-0.2526439720976	-0.204404248841637	-0.189143238134154	-0.390937921340923	-0.1529391259053	-0.0189956146496577	0.166422781018073	0.284193722607902	0.0176324751690711	-0.19579138744839	-1.19148557800719	0	0	0	0	0	0	0	0	0	0	0	0	0
ENSMUSG00000059751	-0.363061406849691	-0.549267433240722	4.68848220589469	-0.00737417803620488	-0.296084306262645	0.513553881978908	-0.13346299248597	0.213053545856036	4.96733095382	-0.154557467372031	4.29902368034948	0.388718850757943	-0.413876447373877	0	0	0	0	0	0	0	0	0	0	0	0	0
ENSMUSG00000060002	0.410287494736035	0.287858788418722	-0.207806423166954	-0.0778295324226272	0.0753362137615312	0.0350043287625996	-0.118836553693829	-0.0551904724568093	0.284620938296534	-0.0205692443049328	0.0592303439013229	1.27060548175928	1.45849967720842	0	0	0	0	0	0	0	0	0	0	0	0	0
ENSMUSG00000060181	-0.379837756418747	-0.0770165342038283	0.0933512213451237	-0.0130779049011753	-0.419767745892058	0.2825154598585	-0.25932286027816	0.133580466804076	-0.208647418846009	0.127512197059121	0.091942409437606	0.536963096764589	2.01761677193683	0	0	0	0	0	0	0	0	0	0	0	0	0
ENSMUSG00000060407	0.0643631839653361	-0.241856590963501	0.344196673525184	0.225217101203351	0.236332567399581	-1.68172523994559	-0.504487439085977	1.66982233553308	2.95540393322829	2.89837827321744	3.58008177440986	1.47563420271018	0.965075463870038	0	0	0	0	0	0	0	0	0	0	0	0	0
ENSMUSG00000061079	0.190244872978377	0.213137159316528	0.0622105908509694	0.0489841419690471	0.103069914950344	0.0298832223040142	0.0790536301362454	-0.00638724244001487	0.122511339318541	0.0367046744379973	-0.0611980145679389	-0.30609245600442	-0.623071239067609	0	0	0	0	0	0	0	0	0	0	0	0	0
ENSMUSG00000061718	-0.0261806243918245	-0.0625198892985217	-0.183718453898842	0.080818706333852	-0.10441427540258	-0.460969068044685	-0.391493471132839	0.144010593976799	0.362137672332541	-0.12947895371852	0.370553776579542	0.292983833476532	1.5332890612606	0	0	0	0	0	0	0	0	0	0	0	0	0
ENSMUSG00000061906	0	-0.0235929150302322	0	0.0438393237756252	0.00120167340275197	0.0306753265803935	-0.0401924486131262	-0.321921783895314	0.401435675562603	0.229067439137779	-0.256025540993175	1.87907711172411	3.35932373807218	0	0	0	0	0	0	0	0	0	0	0	0	0
ENSMUSG00000062044	-0.864526613382648	0.216455485341493	-0.132794683952571	0.0519329771603183	-0.484185219852581	-0.693380737092772	0.721863717567178	-0.0998221040237675	0.314272242220639	0.947595219804363	0.884070386022898	0.43012168345424	0.467902227556524	0	0	0	0	0	0	0	0	0	0	0	0	0
ENSMUSG00000062061	0.125977138287714	0.053526655292622	0	0	0	0	0	0	0	0	0.111704264564381	0.563973870183135	4.10038747420134	0	0	0	0	0	0	0	0	0	0	0	0	0
ENSMUSG00000062624	-0.0862152071613007	-0.0601895247904958	0.0379762711179432	0.304174640168033	-0.0521753966930518	-0.0265971641883631	-0.0815300040733753	0.0398226583083874	0.0220669672947382	-0.337366112668954	-0.561276861242607	1.28158924470958	2.46612112898789	0	0	0	0	0	0	0	0	0	0	0	0	0
ENSMUSG00000063558	0.0263542445851345	0.257609799683782	0.0100876143220452	-0.123276938729322	0.252944899658496	-0.133273764944018	0.273472260145172	-0.576918835494839	0.174815871609009	0.393773252214717	0.0947201793122083	2.11791697375794	2.00305956615179	0	0	0	0	0	0	0	0	0	0	0	0	0
ENSMUSG00000063590	0	-0.0235929150302322	0	0	0	0.0644041277423921	0.0743141992127012	0	-0.026235321429901	-0.141122544387973	-0.7833678576088	2.33497975431979	3.53613790409704	0	0	0	0	0	0	0	0	0	0	0	0	0
ENSMUSG00000064032	1.76217827156037	1.01983253891491	0.0906272245398811	-0.0534676146634283	0.704859500549004	-0.119058843216154	0.0747064623862761	0.176563083680991	0.21114079677006	0.443213537584704	-0.723226358654	-0.00717401919265398	-0.0507842323073412	0	0	0	0	0	0	0	0	0	0	0	0	0
ENSMUSG00000066071	-0.0487792035390869	-0.14016912373639	2.76941695616079	0.0612124969183203	0.237566198104598	-0.0539695417783959	0.180110053544396	-0.134818497845741	-0.366494294683156	0.24206327070211	0.195955942510484	7.36999044792917	10.3727577325595	0	0	0	0	0	0	0	0	0	0	0	0	0
ENSMUSG00000066153	0	0	-0.0241453615508562	-0.00428836974717595	-0.0359815616517863	0.0966948495157105	-0.0932755189558611	0.0372176551822077	0.182387378031254	0.761533066741186	0.552067551878002	3.56172258335158	8.29170350558918	0	0	0	0	0	0	0	0	0	0	0	0	0
ENSMUSG00000066944	0.132344903169512	-0.0371778638445295	-0.106932760344666	0.0749750915986889	-0.0330700419434839	0.0534100561736618	-0.185371927025804	0.0066524921312773	0.0486012617371885	-0.03494898394248	-0.313123465502789	0.12454535288837	1.56555264080274	0	0	0	0	0	0	0	0	0	0	0	0	0
ENSMUSG00000067219	0.453017477704722	0.159059369140679	0.00180869330014932	0.239146086078368	0.367784354084296	-0.21043270643936	-0.107463851722867	-0.0913456212284203	-0.260889349787791	0.321525570382518	0.00133186969998356	-2.29082502957893	-3.87782294304156	0	0	0	0	0	0	0	0	0	0	0	0	0
ENSMUSG00000068085	0.125977138287714	0	0.0293009541655488	0.0431950716663306	-0.168433729163686	0.152498734612939	0.0750330897974202	-0.331983346206302	-0.0515828011296435	-0.686060185087758	-0.142174079283604	0.850144815048541	0.955007822826706	0	0	0	0	0	0	0	0	0	0	0	0	0
ENSMUSG00000068086	0	0.0404627084108318	0.116468535319078	0.0778092223289168	0.240741333137047	0.0940095125582401	-0.000446951476308577	-0.130075244501158	-0.057898392717318	-0.431721371483373	-0.171920509996287	3.16411812612514	5.00443801398251	0	0	0	0	0	0	0	0	0	0	0	0	0
ENSMUSG00000068392	0	0	-0.0241453615508562	0	0	0	-0.0295123165888153	0	0	0	0.21927599320809	0.505081257419446	0.889667935965944	0	0	0	0	0	0	0	0	0	0	0	0	0
ENSMUSG00000068457	5.67251383235142	5.53586815470651	5.5088909137787	5.3512542456396	5.3495218191763	5.64055293052723	5.37099244230612	6.2869574464122	5.43124808079711	5.42658769612184	5.9820317184192	6.10534433168434	6.17831652710856	0	0	0	0	0	0	0	0	0	0	0	0	0
ENSMUSG00000068877	0.176474958206422	0.192559182058373	-0.826442891882614	-0.301972209969944	0.916055459929055	-0.228253577245384	-0.187981645424991	0.239972300340792	-0.0879242167850443	-0.165896941643942	0.492660939449062	0.430346912537313	4.20961883851193	0	0	0	0	0	0	0	0	0	0	0	0	0
ENSMUSG00000069045	6.65752627283501	6.7443256332253	6.65537683059126	6.55838166327556	6.17165607526717	6.72027749786784	6.65042836890771	7.71098568822721	7.14538126596764	7.2494572427826	7.2724207550332	7.52628943241163	7.48183976800876	0	0	0	0	0	0	0	0	0	0	0	0	0
ENSMUSG00000069049	6.50658145740003	6.3678919812428	6.75168160786377	6.72182654325333	6.14165140731216	6.67328618461429	6.44163264213812	7.11399981215053	6.67219682232379	6.72281838253806	6.58980188815901	6.99824398161387	7.36684881365333	0	0	0	0	0	0	0	0	0	0	0	0	0
ENSMUSG00000069170	0.343265055628668	0.175039636216721	-0.120373284381365	-0.0274587107528795	-0.0320868105065553	-0.235697501139762	-0.108142112807238	-0.20481746636734	0.0994742324974691	0.109422167818802	0.134212689236263	1.43805809360985	3.44653181797727	0	0	0	0	0	0	0	0	0	0	0	0	0
ENSMUSG00000069520	-0.239241757856731	-0.0112423930203533	-0.198698035774239	0.0242308388457122	-0.0595650201110693	-0.0568405610539084	-0.137320451806052	-0.131882541302155	0.150713453798996	-0.00790913209016875	-0.0133013349300635	0.761582989328345	1.30477518093855	0	0	0	0	0	0	0	0	0	0	0	0	0
ENSMUSG00000069668	0	0	0	0	-0.0637581041828818	0	0.365930993476846	0.379751503312619	-0.540541835355588	-0.814141944087468	-0.039198261843555	-9.02114807869313	-9.14976047297877	0	0	0	0	0	0	0	0	0	0	0	0	0
ENSMUSG00000070570	0.313334654076623	0.00882906341823107	-0.346724627170453	-0.197909242094232	-0.109589946093885	0.0219269321899048	0.0743141992127012	-0.0730012655172267	0.257843550141342	2.52875218886805	0.84273996439912	0.751447030079601	0.624259945802505	0	0	0	0	0	0	0	0	0	0	0	0	0
ENSMUSG00000070810	0	0.0873973382463094	0.0679725167030859	0.0311357678230637	0.0802693151064478	-0.0964916094536157	-0.485062821257748	-0.0559883094918996	1.26400353308584	-2.13508419314882	-0.602049632813053	-4.99696367405359	-7.04679855800785	0	0	0	0	0	0	0	0	0	0	0	0	0
ENSMUSG00000070811	0	0	0.0599317609534598	0.0373195166487018	-0.128499939203948	0.0380541024308213	-0.0821935746164433	-0.329715788611952	0.594364182068833	-1.01120429205487	-0.115022753319098	-6.05847344253714	-8.38143064126152	0	0	0	0	0	0	0	0	0	0	0	0	0
ENSMUSG00000073830	0	0	0	0	0	0	0	0	0.770354734081589	1.68197463605376	1.23010148776991	3.50440089008011	8.15479599997161	0	0	0	0	0	0	0	0	0	0	0	0	0
ENSMUSG00000073834	0	0	0	0.0373195166487018	0	0	0	0	0.570690665317233	0.52780466228258	0.414909916808938	1.03998350103792	5.03209630364158	0	0	0	0	0	0	0	0	0	0	0	0	0
ENSMUSG00000073842	0	0	0	0	0	0	0	0	1.67134160426466	3.60577122962224	2.1140363673445	1.41091592128029	8.64842379504607	0	0	0	0	0	0	0	0	0	0	0	0	0
ENSMUSG00000074183	0	0.0324219784484633	-0.047508623816248	-0.0416671145495945	-0.0892787004540337	-0.225687136039713	-0.319165477975755	-0.0567881475665939	0.233908370426287	-0.187300609588908	-0.422170028457388	0.818882507650639	2.56854197180211	0	0	0	0	0	0	0	0	0	0	0	0	0
ENSMUSG00000074240	-0.0501918698427846	0	0	-0.0439880720818014	0	0	0.0483517689585509	0.0124581251765647	-0.0144336624359954	0	0.189690738003815	2.81704570976352	2.91429080318255	0	0	0	0	0	0	0	0	0	0	0	0	0
ENSMUSG00000074254	0	0.0260397633988532	0.163732395849167	0.213117506453664	0.418929419354925	0.0756103065959919	0.422046397945514	-0.284508595941723	0.449423974688662	-1.47473981247189	0.335499040093584	-1.99819575844902	-9.66428045353904	0	0	0	0	0	0	0	0	0	0	0	0	0
ENSMUSG00000074377	0	0	-0.0841590986562094	0	-0.0637581041828818	-0.154672603062532	0.064025784345031	-0.0486448829203409	0.601474230622884	-0.54311092044684	-0.339188371417428	-3.96299007891458	-4.91278847706891	0	0	0	0	0	0	0	0	0	0	0	0	0
ENSMUSG00000074639	0	-0.100829948469405	-0.0770009193238811	0.326268252586367	0.412125159935852	-0.285767838693407	-0.342487045108964	0.470064924997681	-0.0803694296922641	-0.213227708738283	-0.422336242609213	-1.15331252261143	-2.06830952541579	0	0	0	0	0	0	0	0	0	0	0	0	0
ENSMUSG00000075232	-0.00636607038812187	0.100750411850626	-0.0644679381267261	0.0304892525073281	0.103362171231632	0.0796866020498985	-0.113217564160204	-0.0260042362499187	-0.205543895231355	0.0283519149864526	0.0148504069713589	0.45482139240041	1.11956235744701	0	0	0	0	0	0	0	0	0	0	0	0	0
ENSMUSG00000075551	0	0	-0.279088105170608	-0.0814889007804296	0.0508921825335331	-0.508496297599907	0.276985195540464	0.114598437626567	0.65697967271769	-0.173258918697829	-1.0095013047144	-4.00746319622854	-8.19829355486575	0	0	0	0	0	0	0	0	0	0	0	0	0
ENSMUSG00000075552	0	0	0.076192271140786	-0.0439880720818014	-0.312185275052584	-0.153786331949124	0.0559853885715141	0.0992279180944812	0.80208831051117	-0.0403827532774619	-0.572702555382493	-5.61136945012296	-6.97279106656818	0	0	0	0	0	0	0	0	0	0	0	0	0
ENSMUSG00000078597	0	-0.0279665424908307	1.03077118051406	-0.175329311085968	0.0195315842603925	-0.102480326552606	0.780827967294678	-0.0623638960009627	-0.549935504205209	-0.359323773187707	0	3.39024898800787	6.58454051470972	0	0	0	0	0	0	0	0	0	0	0	0	0
ENSMUSG00000078672	0	0	0	0	0	0.0197175503572512	-0.165504705372259	-0.0486448829203409	0.40766536800927	1.25782835359151	0.829116237954883	3.85905166778356	9.53712483351692	0	0	0	0	0	0	0	0	0	0	0	0	0
ENSMUSG00000078673	0	0	0	0	0	0	0	0	0	0	0.107571728643709	1.82594045448727	3.92826393773016	0	0	0	0	0	0	0	0	0	0	0	0	0
ENSMUSG00000078675	0	0	0	0	0	0	0	0	0.743963695282185	1.26638512965084	0.980765005056814	1.1507802216603	7.15705367778815	0	0	0	0	0	0	0	0	0	0	0	0	0
ENSMUSG00000078680	0	0	0	0	0	0	0	0	0.459142897369957	1.1192974087167	0.4705862627611	2.30599251522903	3.82177368935206	0	0	0	0	0	0	0	0	0	0	0	0	0
ENSMUSG00000078686	0	0	0	0	0	0	0	0	0.243729679613918	0.52780466228258	0.305556029301094	0.595767248668674	5.62623660936177	0	0	0	0	0	0	0	0	0	0	0	0	0
ENSMUSG00000078687	0	0	0	0	0	0	0	0	0	0.122138249751973	0.201163904488074	0.817977295173911	2.74027809292287	0	0	0	0	0	0	0	0	0	0	0	0	0
ENSMUSG00000078689	0	0	0	0	0	0	0	0	0.0758195620029418	0.436574351190861	0.118742128217756	0.892655443188653	3.02969745829467	0	0	0	0	0	0	0	0	0	0	0	0	0
ENSMUSG00000078798	0	-0.0512490371088452	-0.383167241720154	-0.823647516159706	-0.767076984384332	0.626037311143585	-0.650591787931886	-0.670155223875504	0.308442204608481	-0.762537870759227	-0.233483905250214	-6.91123619589894	-8.96791889672901	0	0	0	0	0	0	0	0	0	0	0	0	0
ENSMUSG00000078799	0	0	-0.0306308067879111	0	-0.0265748691283436	-0.0928322394092225	0.0483517689585509	0.0263097255377557	0.219718939421101	-0.232596004290504	-0.169924354039619	-4.8422257125084	-6.32278855842742	0	0	0	0	0	0	0	0	0	0	0	0	0
ENSMUSG00000078922	-0.0487792035390869	0.275309489949087	0.21272226149949	-0.111363394203969	-0.298007774164213	-0.514407593112339	0.484694647213715	0.481436251807763	-0.505725726096208	-0.950177874156195	-0.58672542167762	-1.72076061987932	-2.86878639655054	0	0	0	0	0	0	0	0	0	0	0	0	0
ENSMUSG00000079057	-0.0112005802085502	0.115129672417574	-0.147163715553136	-0.0663623988522328	0.242239251809801	-0.20131885171223	-0.193774241318676	-0.00883678293031842	0.207950703552551	0.00538726293613312	0.423391504000774	0.647081646683516	1.26626747033908	0	0	0	0	0	0	0	0	0	0	0	0	0
ENSMUSG00000079428	2.08744339722289	1.21714845124569	0.0150319175571938	0.00564898565975513	1.18062364636871	0.046555375843283	0.020689700358449	-0.0658733688928069	0.0689785337224476	-0.0921739139748412	0.107571728643709	0	-0.276967643205158	0	0	0	0	0	0	0	0	0	0	0	0	0
ENSMUSG00000079494	0	0.00366678323875014	-0.0241453615508562	-0.12248024773643	-0.0359815616517863	0.0336925058164106	0	0	0.132110198752027	0	0	3.45539223242613	5.74359978966358	0	0	0	0	0	0	0	0	0	0	0	0	0
ENSMUSG00000079495	0	0	0	0	0	0	0	0	-0.0745776235376028	0	0	0.837341905280625	2.43445424746885	0	0	0	0	0	0	0	0	0	0	0	0	0
ENSMUSG00000079716	2.20353433378618	0.870908607014796	0.0311376023579432	-0.0416671145495945	0.0458156888371126	0.0132942752266509	0.0483517689585509	-0.00982399089020691	-0.0144336624359954	-0.111131933799522	0	0.22179308143332	0.0820310165167785	0	0	0	0	0	0	0	0	0	0	0	0	0
ENSMUSG00000082065	0	0	0	0	0	0	0	0	0	0	0	-2.51895068642687	-1.95704908894434	0	0	0	0	0	0	0	0	0	0	0	0	0
ENSMUSG00000082363	0	0	0	0	0	0	0	0	0.340369508320328	1.16147123756798	0.500044223085061	1.32980471303005	3.36177409777407	0	0	0	0	0	0	0	0	0	0	0	0	0
ENSMUSG00000082644	0	0	0	0	0	0	0	0	0	0	0	0.508825077309033	3.6681347487898	0	0	0	0	0	0	0	0	0	0	0	0	0
ENSMUSG00000083190	0	-0.0882620213023258	0.0631758511402566	-0.117996966310798	0.0765064551381353	-0.0749485078972525	0.0183065298296126	-0.27068460079942	-0.401806371042584	0.314870221922099	0	1.41096440529517	2.23140701512335	0	0	0	0	0	0	0	0	0	0	0	0	0
ENSMUSG00000083304	0	0	0	0	0	0	0	0	0	0	0	0.182284195869607	1.86842166917309	0	0	0	0	0	0	0	0	0	0	0	0	0
ENSMUSG00000083409	0	-0.0330590121215938	0	0	0.0371832350545382	0	0	0	0	0	0	1.16988402597506	1.01545458051318	0	0	0	0	0	0	0	0	0	0	0	0	0
ENSMUSG00000083478	0	0	0.053446315716405	0.00217220922603065	0.00983412718532634	-0.0580796955169071	0.137802837119662	0.0149144049577945	0.266938513278216	-0.297760940604474	-0.0336517792405843	-2.48363252975424	-2.79697445871176	0	0	0	0	0	0	0	0	0	0	0	0	0
ENSMUSG00000083524	0	0	0	0	0	0	0	0	0.069075274578843	0.234738533685706	0	0.864880536815313	2.0088772722357	0	0	0	0	0	0	0	0	0	0	0	0	0
ENSMUSG00000084309	0	0	0	0	0	0	0	0	0	0.234738533685706	0	0.587379628495945	2.60578279617155	0	0	0	0	0	0	0	0	0	0	0	0	0
ENSMUSG00000085425	1.71738510155566	0.653633338238119	-0.0492160089406387	-0.00666855543309958	0.090096082916864	-0.130027595299122	-0.0744360665861254	0	0	0	0	0	0.0540754712517892	0	0	0	0	0	0	0	0	0	0	0	0	0
ENSMUSG00000087327	2.21026220911963	1.02319632588552	-0.135755122346287	0.0371707683425256	0.306479474321668	-0.138631479267107	-0.102788261244943	0.0450736382624358	0.0758195620029418	0.234738533685706	-0.178965268241504	0.158827412207774	0	0	0	0	0	0	0	0	0	0	0	0	0	0
ENSMUSG00000087904	0	0	0	0	0	0	0	0	0	0	0	0.213795066521656	0.616803138627677	0	0	0	0	0	0	0	0	0	0	0	0	0
ENSMUSG00000088119	-0.0360525928262648	0.106575258769381	0.0353240568957056	-0.0811182876397724	0.0735183736915129	0.235287465625168	0.206615857138786	0.0865584187249528	0.00718713923780706	-0.0639986894590958	0.40331002991131	0.272498444529964	0.884005786074664	0	0	0	0	0	0	0	0	0	0	0	0	0
ENSMUSG00000089678	-0.199227107768671	0.104509442749772	-0.103435340116757	0.116199583467825	0.199812376285647	-0.0140261742244583	-0.101072278339625	-0.170851687822536	0.237643705565003	0.204850176358062	0.245577221270244	0.679333834027707	0.45168979793535	0	0	0	0	0	0	0	0	0	0	0	0	0
ENSMUSG00000089873	0	0	0	0	0	0	0	0	0	0.122138249751973	0.107571728643709	1.28443203004355	3.29040155227135	0	0	0	0	0	0	0	0	0	0	0	0	0
ENSMUSG00000090298	0	0	0	0	0	0	-0.0481443612846239	0	-0.362299177714181	-0.15185792033957	0.111704264564381	-7.40801460724121	-6.64217159974207	0	0	0	0	0	0	0	0	0	0	0	0	0
ENSMUSG00000090306	0	0.0324219784484633	0	-0.0439880720818014	0.0371832350545382	0.104631911245614	0.0700893918628898	-0.123028825571097	-0.0567604446988144	0.5031295654185	-0.0824217762703171	3.14001523996683	5.26580577952119	0	0	0	0	0	0	0	0	0	0	0	0	0
ENSMUSG00000090625	4.3075000082347	1.56104098566659	0.0651693944901245	-0.0440654080149478	1.55631675771134	-0.29231031695739	-0.311124138050256	0.325269799418191	-0.46857041685169	0.0090714679842463	-0.394686085755483	0.53322440466164	-0.366278493201675	0	0	0	0	0	0	0	0	0	0	0	0	0
ENSMUSG00000090860	1.24409473911654	0.579191458602655	-0.0306308067879111	0	0.0829989238916508	0	0	0	0.069075274578843	0	0	0	0	0	0	0	0	0	0	0	0	0	0	0	0	0
ENSMUSG00000090877	-0.0558556542429449	-0.0512913513088208	0.0197652192735649	0.119726935096655	-0.00654123193731571	-0.0474130490171809	-0.000394274757437252	-0.194347201195605	-0.0593282292146748	-0.594701224657591	-0.0633231387012454	0.259382332092107	2.78055427988042	0	0	0	0	0	0	0	0	0	0	0	0	0
ENSMUSG00000091119	0.0643631839653361	-0.0330590121215938	0.0390304895894004	0	-0.122335592987514	-0.0446865773851409	0.0743141992127012	0	0.070317213044182	0	0.0198960468574866	0.544719789531802	0.76392890415818	0	0	0	0	0	0	0	0	0	0	0	0	0
ENSMUSG00000091400	-2.14718202469754	-0.0379807389190857	0.00224368517436047	-0.0481407482410466	-0.210238739971229	-0.0234659031293432	-0.0295123165888153	-0.0808153745075518	-0.231432508650698	0	0	0	0.051090434541434	0	0	0	0	0	0	0	0	0	0	0	0	0
ENSMUSG00000092008	0	0.079680122900942	-0.280345250489056	0.20633036144411	-0.0718393521682302	-0.162553593592257	-0.0662048338835444	-0.0878054438044522	-0.788614865796811	-0.0575920740796096	-0.632486735677887	-4.18525716584367	-9.28793445882314	0	0	0	0	0	0	0	0	0	0	0	0	0
ENSMUSG00000093006	0.774169599602188	0.33566071485531	0.093070088169123	-0.129185976874129	0.168258499375352	-0.101599483632292	0.112377553303582	0.0611030080969056	-0.232923143719531	0	-0.0672610036771228	0.0689921090818539	0	0	0	0	0	0	0	0	0	0	0	0	0	0
ENSMUSG00000093577	0.717866547047773	0.22249757743706	0.0567981267866422	-0.202335103089378	-0.163923852831834	0.289735828622184	0.00871732308418571	-0.477993968225286	-0.362572358996882	0.179639981721468	0.0839494727861119	0.909136468137113	0.720979950189472	0	0	0	0	0	0	0	0	0	0	0	0	0
ENSMUSG00000093610	0	0	0	0	0	0	-0.0295123165888153	0	0	0	0.216324677081268	0.596607076596595	2.77977625413708	0	0	0	0	0	0	0	0	0	0	0	0	0
ENSMUSG00000094559	0	0	-0.0306308067879111	-0.000148748306176186	0.00983412718532634	-0.0284281116668305	0.110114815310861	-0.165536103685374	-0.39533689681337	0.049940564945776	0.0564818545306904	1.0469398057011	0.709421236480145	0	0	0	0	0	0	0	0	0	0	0	0	0
ENSMUSG00000094793	0	0	0	0	0	0	0	0	0.31954924161686	-0.0297196705875967	0	1.75636446081461	4.75694899336425	0	0	0	0	0	0	0	0	0	0	0	0	0
ENSMUSG00000096674	0	0	0	0	0	0	0	0	0.0486012617371885	0.339183220173297	0.0194861062407631	2.11110318991644	5.74678274644766	0	0	0	0	0	0	0	0	0	0	0	0	0
ENSMUSG00000096688	0	0	0	0	0	0	0	0	0.607933978938066	1.16147123756798	0.734685837278727	1.14710470713106	7.49895293274649	0	0	0	0	0	0	0	0	0	0	0	0	0
ENSMUSG00000096852	0	0.00366678323875014	-0.0547761683387673	0.0438393237756252	-0.146773181148423	0.106476412426264	-0.0481443612846239	0.0517879030049338	-0.0482114726555382	0.429406208386472	0.246127226717007	0.926604082820905	1.18096176340317	0	0	0	0	0	0	0	0	0	0	0	0	0
ENSMUSG00000097346	4.05400380910565	1.72013283944652	-0.312351574369919	0.305730364249624	2.17648593651359	-0.809602755721473	-0.192504363101735	0.163967354830856	-0.14167699129527	0.285561390163257	-0.320531532192654	0.239376228517098	-0.766664804415225	0	0	0	0	0	0	0	0	0	0	0	0	0
ENSMUSG00000097417	1.8370178107598	0.522887469524575	0.0103261427055268	0.116642206148283	0.0470173622398646	-0.177322488966593	-0.0690720335307736	-0.218194514026435	0.243729679613918	0.556971670092077	0.118742128217756	0.553831150077284	0.638114395408761	0	0	0	0	0	0	0	0	0	0	0	0	0
ENSMUSG00000097542	2.61292207801562	0.3123001543046	-0.0725792712060304	0.00404801659497234	0.052326905446417	-0.122483823259299	-0.0578645112476326	-0.1178911556635	0.0758195620029418	0.122138249751973	0	0	0	0	0	0	0	0	0	0	0	0	0	0	0	0
ENSMUSG00000097799	3.42061709113234	1.08655928205455	-0.0346236692276574	-0.0812929141062333	0.546097905717338	-0.00601188090597593	0.115119628361771	-0.641356690362229	0.161462681064419	0.122138249751973	-0.0965434919711869	-0.211060958623497	0.326877335160318	0	0	0	0	0	0	0	0	0	0	0	0	0
ENSMUSG00000099055	0	0	0	0	0	0	0	0	-0.226142728682732	0	-0.481280197004572	-0.67608199880725	-1.16322882967322	0	0	0	0	0	0	0	0	0	0	0	0	0
ENSMUSG00000099876	2.60031387034355	2.582440176409	2.25719023926024	2.43327536872619	2.12807674829528	1.76376567791968	2.24360339202329	1.68689321510682	2.26105927400174	2.06366938969069	2.42305665285954	2.68431516193022	2.35923045395077	0	0	0	0	0	0	0	0	0	0	0	0	0
ENSMUSG00000101059	0.185067136349485	0.291059748150578	0.666135571176167	0.544102495598576	0.384108248021821	0.625121102017097	0.443916628776946	0.869899535368172	0.396807457353713	0.913390987080756	0.541167676722216	0.438959784581769	0.638114395408761	0	0	0	0	0	0	0	0	0	0	0	0	0
XLOC_044866	-0.123591932103203	-0.302753812153013	-0.368654357008324	-0.581595080916451	-0.299200182057905	-0.479954202758214	-0.972893347945863	-0.653446607064019	-0.179840454417845	-0.156714220703632	-0.0977251608197567	-0.315216360065338	-0.276573369072453	0	0	0	0	0	0	0	0	0	0	0	0	0
XLOC_045664	-8.94652762855544	-8.33514463501711	-9.96730929342006	-9.20407917095932	-9.51560927759189	-8.55135810871796	-8.05844315595435	-9.89470594259329	-9.0290894819676	-7.64881677679913	-8.24500173562656	-9.60567853199547	-9.75100958458538	0	0	0	0	0	0	0	0	0	0	0	0	0
