-1	0	1	2	3	4	6	7	8	10	11	12	V1	V2	V3	V4	V5	V6	V7	V8	V9	V10	V11	V12
ENSMODG00000000067	0.0302967346352423	-0.0283853275029102	0.128686292142221	-0.109466055033448	0.0478019010634982	0.131104992780952	0.0628380361048579	0.447072417071454	0.402896819681955	-0.0104662686452563	0.235329780446463	0.474928762980728	0	0	0	0	0	0	0	0	0	0	0	0
ENSMODG00000000268	0.099485634966781	-0.160505967264011	-0.0726150863625836	0.312401286782174	0.243856619922347	0.0198183166994599	0.187536326550975	0.321708504468492	0.210786680637936	0.233947762269445	0.73834922728725	0.310141163187814	0	0	0	0	0	0	0	0	0	0	0	0
ENSMODG00000001715	-0.315103231178627	0.681841179263482	0.630334403053819	0.102366745699656	0.307159232782051	0.401836460622346	0.0393383642382488	1.67173818154863	3.51966187347209	-1.26561198557231	1.98432967060084	4.29999060484379	0	0	0	0	0	0	0	0	0	0	0	0
ENSMODG00000002161	-0.0699104328418514	0.300338229826132	-0.0481297105052239	0.337972196479543	0.2313466935982	-0.285045793666041	0.00790973003849338	-0.0749593185562256	0.544814224949442	0.0904060642127109	0.622836921808692	0.991326513305742	0	0	0	0	0	0	0	0	0	0	0	0
ENSMODG00000002238	0.0985476188144681	0.394013779575729	-0.0841042501472256	0.192675249426021	0.113688263675908	0.38489355485111	0.0422841618697118	0.131740165412433	0.587532376830878	0.224160106584657	0.00953410544819366	0.256252613569947	0	0	0	0	0	0	0	0	0	0	0	0
ENSMODG00000002825	0.102884265194775	-0.019576682261278	-0.0260207534566117	-0.161295762007437	-0.116721268254738	-0.190171117961001	0.663997229874393	1.1470198661416	-0.3072738858265	1.51662560432933	0.722215805704893	3.35799384473533	0	0	0	0	0	0	0	0	0	0	0	0
ENSMODG00000003407	0.556588681445635	-0.196567189696939	-0.0864143845348924	-0.032386800192163	-0.192790167993291	-0.54389400313964	-0.294675986087237	-1.11479702885651	-0.494651410464997	0.22801279944164	-0.344734468263545	-1.0200358433606	0	0	0	0	0	0	0	0	0	0	0	0
ENSMODG00000003899	0.0821207194513569	-0.173046171948871	0.0372220244530514	0.0242870922408427	0.00764866770613093	0.103692757219174	0.330880005906324	0.480417776046973	0.0895289829489836	0.198248938755554	0.0707621146192681	0.301666472105082	0	0	0	0	0	0	0	0	0	0	0	0
ENSMODG00000004227	-0.0741970989437615	0.452442838996415	-0.0629457908560069	-0.108383398331643	0.449200759878415	0.0595030295832548	-0.419890601989875	0.60371823634877	-0.0527068308931549	-0.00308344570897345	1.03665290566881	1.57575632348113	0	0	0	0	0	0	0	0	0	0	0	0
ENSMODG00000004294	0.343573041725575	0.561287626628216	0.0337062856360442	0.718703059735367	0.248719776155394	-0.127966125850091	-0.375814940154809	0.282264970830833	0.291498996138157	0.0820182552638564	0.620023059950743	1.36383846184512	0	0	0	0	0	0	0	0	0	0	0	0
ENSMODG00000005477	-0.154213910334219	-0.1179285150461	-0.0349967723650124	0.0228650669694725	0.0845881886507973	0.274117047162537	0.28672307438981	0.228658796356336	0.350495258945222	0.328501386752958	0.250985105242897	0.112059449455866	0	0	0	0	0	0	0	0	0	0	0	0
ENSMODG00000005628	-0.493850991063438	-0.323416002356042	0.160581178630349	0.126494702240634	-0.236902148771404	0.120777267358485	-0.121211585557904	-0.556909982284926	-0.248705108628919	-0.292455780156058	-0.538055462904719	-0.333471350254703	0	0	0	0	0	0	0	0	0	0	0	0
ENSMODG00000005735	-1.58580161318404	-1.89748435436285	-2.03977992048224	-1.87474882772397	-1.97379420886685	-1.74868029115727	-1.43172298914392	-1.37086896096054	-0.511192391909347	-1.298575315497	-1.22684065494311	-1.26924498865212	0	0	0	0	0	0	0	0	0	0	0	0
ENSMODG00000005781	0.370568515166874	0.312266992002112	-0.072224428519938	0.105620805079191	0.242912973914635	0.195545091717425	0.12227491593817	1.01981979792511	-0.303101545942584	0.371125280332543	0.526172216110132	1.49467561760541	0	0	0	0	0	0	0	0	0	0	0	0
ENSMODG00000005826	0.142790693324472	-0.0765718141426319	-0.239696814265553	-0.753543369058962	0.14075517888195	0.119959057272508	0.028683448638871	-0.291651643478936	-0.00957568900468075	-0.133868929836407	-0.703904463621951	-1.15039667055935	0	0	0	0	0	0	0	0	0	0	0	0
ENSMODG00000005959	0.276559151362608	-0.14928123491466	0.0563127649935704	-0.344270912078485	-0.139399563614139	0.0851961894024091	0.064824472051265	0.861595609745993	0.59733920747411	0.0637507379476117	0.164358704019369	1.08268356891976	0	0	0	0	0	0	0	0	0	0	0	0
ENSMODG00000006355	0.0309543160053973	0.652740934804389	-0.0666812977444025	0.344949938684448	-0.12948744956933	0.00996773111608729	0.186796771135986	1.19476653444818	0.591426314912197	-0.228300705609833	0.00182418129534145	1.7538298771062	0	0	0	0	0	0	0	0	0	0	0	0
ENSMODG00000007497	-0.0297477065127402	0.39969031693731	1.04991483579094	-0.0692351156004709	-0.0369283096704707	0.752143698754602	0.287998876395148	0.604458929890061	0.919034787697926	0.270350306485328	0.131683272597622	0.0123227802171515	0	0	0	0	0	0	0	0	0	0	0	0
ENSMODG00000007718	-0.335478450516271	-0.106809836654588	-0.0261664188962065	-0.0896778778129885	0.262595832413164	0.0937915177596826	-0.180985215358368	1.0373211363192	0.124233085904397	-0.0597334708837138	1.03244927950313	2.12124960619451	0	0	0	0	0	0	0	0	0	0	0	0
ENSMODG00000008124	-0.116171225358446	0.0594327128379013	-0.183253843660403	0.146483143265213	0.0606723406188343	0.2612472612818	0.197256995757029	0.0489038912034787	-0.256677688185316	0.166010034452989	0.527567445187661	0.84262921836973	0	0	0	0	0	0	0	0	0	0	0	0
ENSMODG00000008479	-0.174015817730414	0.243074156482344	-0.539457912799532	0.278581199671736	0.380615895876019	-0.451949893261695	0.813361630097521	2.05622392802158	-0.0190440463332044	-0.176881076096249	0.626336658344003	1.99485334631051	0	0	0	0	0	0	0	0	0	0	0	0
ENSMODG00000008613	0.63564233484662	0.678801487972899	-0.185710697830267	0.787863134508548	0.146583076425448	-0.0282861269353694	0.0780084000027768	0.701655718233592	0.370368498380202	0.15568378583891	0.25255381060011	1.60508889312396	0	0	0	0	0	0	0	0	0	0	0	0
ENSMODG00000008731	-0.00846850983428027	-0.75155621410639	-0.280403406718396	-0.305365434115991	-0.148411944630684	-0.708515943188393	0.0131421265187317	-0.0712046127647668	-0.368405069592779	-0.311497555721211	-0.140672923716861	0.0146695814056734	0	0	0	0	0	0	0	0	0	0	0	0
ENSMODG00000008777	-0.760704272271769	-0.103001277971948	0.0243268628253661	-0.204608181195235	-0.160668036622571	0.12330091292531	0.0155974559919221	-0.32754185180255	0.145183714052369	0.0478666434191064	-0.507306883621694	-1.57983230807818	0	0	0	0	0	0	0	0	0	0	0	0
ENSMODG00000009243	-0.0344707556694388	-0.419837911460322	-0.648327907931803	-0.420911499042154	-0.528424026471399	-0.846223146425225	-0.466752017375025	-0.50681138679875	-0.461170509368127	-0.555294574821654	-0.0623528025855977	-0.25113584322039	0	0	0	0	0	0	0	0	0	0	0	0
ENSMODG00000009428	0.107982600761167	0.138144493128042	-0.0247433582646508	0.558843381629783	0.331564820526417	-0.078420920168158	0.602455762377097	2.30555492090027	0.606236648016884	0.110896237347381	0.681712370533404	2.67151046596372	0	0	0	0	0	0	0	0	0	0	0	0
ENSMODG00000009449	0.246387954110952	0.434820856095319	0.0656275273377265	0.389393948656104	0.160648322956989	0.378274267045763	0.351023936637931	0.0996534927391681	0.205274910324121	0.536146227660413	0.381121308016687	0.162976754881107	0	0	0	0	0	0	0	0	0	0	0	0
ENSMODG00000010201	-0.221379731713328	-0.102988742626784	0.06348157559162	-0.0908958391138777	-0.0629120364344873	0.278219019671859	-0.249755929390312	-0.216681057936078	0.311719906046739	-0.331059173931202	-1.05283996638264	-1.47378513390677	0	0	0	0	0	0	0	0	0	0	0	0
ENSMODG00000010250	-0.0139553736507903	-0.0577342376307357	-0.121473649670632	-0.0916939060949328	-0.0232747002350406	0.0957900373564739	0.83241661673752	0.929201956071944	-0.265792665767394	-0.0723126108334442	0.934028078360655	2.44148135137185	0	0	0	0	0	0	0	0	0	0	0	0
ENSMODG00000011187	-0.37203951665747	0.993981555686392	0.0277957648623373	-0.187479373148863	0.175225683040721	-0.167675102056692	-0.149338290901471	0.030282874353413	0.37173118532077	0.109746218534779	1.52892558064439	0.700975023737854	0	0	0	0	0	0	0	0	0	0	0	0
ENSMODG00000011337	-0.0401101533524564	-0.419859927533516	-0.374782648135366	-0.576757403056474	-0.359031931544866	-0.565230522951927	-0.189420688631364	-0.19335877933978	-0.074536083481739	-0.0569184699693572	-0.239427238363275	-0.626219845107999	0	0	0	0	0	0	0	0	0	0	0	0
ENSMODG00000011547	-0.00787949983463321	-0.941446925245992	-0.52980716686415	-0.596972269653721	-0.413447874129011	-0.787276100948877	-0.06107693691047	-0.276032142225887	-0.451287245731411	-0.381855021414687	-0.0196818566196022	-0.256255536874178	0	0	0	0	0	0	0	0	0	0	0	0
ENSMODG00000011785	0.197080529991995	-0.397926181580388	-0.477908058057618	-0.338535345732375	-0.287606223066367	-0.634805896910066	-0.0484308191039355	-0.0302024497866666	-0.0663453108029453	-0.130055053369079	-0.0203922190746111	-0.24848551948029	0	0	0	0	0	0	0	0	0	0	0	0
ENSMODG00000012456	0.701258507447126	0.761166504229723	0.404599428497814	0.490070686735716	0.4312664129564	0.438231423073117	-0.0343681063413125	0.894627317519533	0.285186922052135	-0.696012155001482	0.265032553415935	0.126651717309928	0	0	0	0	0	0	0	0	0	0	0	0
ENSMODG00000012694	0.258075818125061	0.286657021543417	0.205956814785714	0.234225390600592	0.230972691320282	-0.0446593627416103	0.0706588795859906	0.988541479699056	-0.133201595579862	-0.168715194103323	1.6715794581224	2.30535747009247	0	0	0	0	0	0	0	0	0	0	0	0
ENSMODG00000012764	0.307435996818985	-0.405053081863449	-0.120293469179191	0.323381506401191	0.344259296103856	-0.33802469855605	0.763973790750483	1.34794815929392	0.449061426160627	0.190675885331618	0.769386032107363	2.48831384999181	0	0	0	0	0	0	0	0	0	0	0	0
ENSMODG00000012988	-0.190640855103002	0.100062007646736	-0.136553713140396	-0.14442749184099	0.0372086230036794	-0.213437925706534	0.102491115412879	0.786076622474728	0.00552520616042607	-0.107956225915836	0.945097834914383	1.4531891427135	0	0	0	0	0	0	0	0	0	0	0	0
ENSMODG00000013953	0.731213231277406	-0.0870425176697687	0.280782676263631	-0.203494653430209	0.14278135092556	0.363618507886304	-0.0611133783478106	0.353198651872941	0.574640923564995	0.108972195703805	0.387746945987948	1.83092186175885	0	0	0	0	0	0	0	0	0	0	0	0
ENSMODG00000013987	0.109508112254345	-0.139723280921188	-0.00612784406369116	0.170214784687335	0.248750507390341	0.180320848161004	0.328973645581784	0.0499221780059083	0.0496687916728438	0.351082800695721	0.497222412556441	0.578231496581427	0	0	0	0	0	0	0	0	0	0	0	0
ENSMODG00000014307	0.355317137665086	0.216216621260518	-0.0140268111999307	-0.0055116568847362	-0.0258278438551525	0.203508775442728	0.070199812493339	0.155713739611667	0.647307316971855	0.067380854749612	0.138764076847852	0.0666252828175851	0	0	0	0	0	0	0	0	0	0	0	0
ENSMODG00000014441	-0.0314375722518623	0.284097304878192	-0.039002416885408	0.0914520748624792	-0.0812405616438276	0.00374262222574906	-0.132083044392441	-0.318379882611673	-0.0588182856224675	-0.0615269626289869	-0.470806491872152	-1.00309165445894	0	0	0	0	0	0	0	0	0	0	0	0
ENSMODG00000015057	-0.132509126995354	-0.199213204314273	-0.03160146614493	0.134423203572412	0.256498614546812	-0.0595917104383163	0.408250316617746	0.996243190599265	2.29324836475269	0.684152751519201	-0.0722844716767633	0.147515969687482	0	0	0	0	0	0	0	0	0	0	0	0
ENSMODG00000015320	-1.04253650834738	-1.24711127806395	-1.95389827930156	-1.87163768947388	-1.9672314548035	-1.5096830543993	-1.88829347779766	-2.20186453386779	-0.495643145048287	-1.83385102965071	-1.81308001070533	-1.71186659542376	0	0	0	0	0	0	0	0	0	0	0	0
ENSMODG00000016153	0.127293262891979	0.354170410676016	-0.0742670152091405	0.0682128339755499	-0.109622626358998	0.321008150862158	0.139013733587622	-0.0627558862149655	0.536737331808999	0.73770253287958	0.339182183698673	0.544310864085371	0	0	0	0	0	0	0	0	0	0	0	0
ENSMODG00000016417	0.671821008012257	0.224104271525089	0.0807237871796396	0.125260878935253	0.230805097721288	-0.151407025430018	0.138765788792326	0.262360518224877	-0.0337643297130956	0.186658843907059	0.604866120397511	0.5652395276865	0	0	0	0	0	0	0	0	0	0	0	0
ENSMODG00000016617	0.175021352580854	0.504074597077999	0.252412953579204	0.126856718134702	-0.311058496362774	0.270811137521369	-0.51660162003507	-0.576791022920345	-0.260097418063009	-0.0839377541868291	-0.89603253198717	-1.16174880393032	0	0	0	0	0	0	0	0	0	0	0	0
ENSMODG00000016737	7.21268837949433	8.20194136142774	7.8615874478197	7.72010876282175	7.3589220241577	7.05748839877393	6.02276477304171	5.96732905361624	5.27728065728343	4.28003019206331	3.56031621866701	4.6389102342707	0	0	0	0	0	0	0	0	0	0	0	0
ENSMODG00000017155	0.173235516754704	0.364336909826248	0.167838494635502	0.0828992989778143	0.178404866927233	-0.247219167401499	-0.137884085730863	0.226766954073354	0.036688036477968	0.177692973285932	0.71464251211667	0.961940474977906	0	0	0	0	0	0	0	0	0	0	0	0
ENSMODG00000017559	-0.0514562444846041	0.148127816359576	-0.14726294968121	0.0908467604764098	0.172026866522462	-0.420937243723801	0.156736284636695	0.69714808729379	0.935799598104907	0.306518149969009	0.382382927151129	2.30659499314231	0	0	0	0	0	0	0	0	0	0	0	0
ENSMODG00000018303	-0.247318172461761	-0.00854629444222876	0.0326908165384756	-0.239272865068896	-0.208791270014832	0.0648256085947789	-0.0561475044150663	-0.472897235979157	0.321028506063698	0.00239148842368486	-0.542613952173183	-0.802398991060338	0	0	0	0	0	0	0	0	0	0	0	0
ENSMODG00000018722	0.11332004878209	-1.01924057194973	-1.87808775717497	-1.10568373890935	-1.61113101085707	-1.04225564085237	-1.14223759030187	-1.32255008889353	-0.577794267060804	-0.671905921618424	-0.872495697745221	-1.02068061560712	0	0	0	0	0	0	0	0	0	0	0	0
ENSMODG00000019571	0.763642183642247	0.942572419427067	0.194576756227919	-0.415862675286006	-0.153636577550223	0.20147101966437	0.725972635169432	0.625533179527955	0.617815902953563	-0.115628433384452	-0.476310793023717	0.289804488580983	0	0	0	0	0	0	0	0	0	0	0	0
ENSMODG00000019740	0.323468718759434	0.0572954023343739	-0.438631158391108	0.51404114060716	0.218640969192112	0.146537407244423	0.264459878455133	0.735701405793141	-0.189251353335643	0.178539405025822	0.484239684461678	1.22896279190425	0	0	0	0	0	0	0	0	0	0	0	0
ENSMODG00000020124	-0.156729521573117	-0.112169230101949	0.108017880595832	0.179745208939184	-0.163961940761089	0.173214401983475	-0.0794366231773376	-0.394756675231173	0.37091906436858	-0.116425185752226	-0.876515145351586	-2.29506690532619	0	0	0	0	0	0	0	0	0	0	0	0
ENSMODG00000020267	-0.0779947389602336	0.115635105490993	0.174243593916714	-0.591776960133811	-0.0601165633559071	0.0751762640837486	0.0448322210838148	-0.577304491554572	-0.224315813108246	0.0964446422467917	-0.456029303860544	-0.538668140065101	0	0	0	0	0	0	0	0	0	0	0	0
ENSMODG00000020772	2.46512790373387	3.0590960362334	2.62284367574773	2.88477867367291	2.96093826974088	2.17110776890099	1.6018815066234	1.41957624491228	1.09055883898291	0.465638074934274	0.234850974782702	0.659631219419524	0	0	0	0	0	0	0	0	0	0	0	0
ENSMODG00000021092	0.390756397872577	0.0918481253680392	0.087395793890273	-0.0865997341967004	-0.095014966089281	0.146238345887461	0.31235959467445	0.775423905157501	-0.218065158086552	-0.143870538953299	0.565963090994895	0.837455546195634	0	0	0	0	0	0	0	0	0	0	0	0
ENSMODG00000023352	0.0988865968337623	-0.179236117035997	-0.194726510964136	0.268623496676832	0.113736475936583	-0.0676243386314688	-0.0908452867306118	1.73765790181194	-0.000542901994681877	-0.0317647388773215	0.828816186339291	2.23140402852921	0	0	0	0	0	0	0	0	0	0	0	0
ENSMODG00000023771	1.68588725768066	0.829135339319204	1.77207943654634	1.63908941232935	1.29413636695094	1.18052005023177	1.17869162527133	1.04309338297222	0.367529987973032	-0.59893873861227	0.400056579881932	0.397657833015453	0	0	0	0	0	0	0	0	0	0	0	0
ENSMODG00000023818	0.0734535060779322	-0.227697543945385	-0.259535608078298	0.52217604519686	0.490986063681397	-0.563802665435612	0.270701655403013	1.315429478147	-0.244417692004239	0.128400973080936	1.06731891229232	1.716940076586	0	0	0	0	0	0	0	0	0	0	0	0
ENSMODG00000024154	0.504267002561335	0.785960429005879	-0.218814723293542	0.850144592576644	0.295365153422783	0.264034853574887	-0.0109461988210566	0.672174183393968	0.517904835476036	0.177543883818831	0.403025755960103	1.83938123256748	0	0	0	0	0	0	0	0	0	0	0	0
ENSMODG00000025606	0.0876918359701389	0.735604508909906	-0.0276613423219132	0.272723791980445	-0.0299884676583346	0.0911265198470712	0.268722055203934	0.582686961642903	1.00039892653823	0.0238275288631593	0.443807877528712	0.99561782109715	0	0	0	0	0	0	0	0	0	0	0	0
ENSMODG00000028278	-0.734352192456758	-0.0577349168170613	-0.298350834858853	-0.536534992742501	-0.227271100662547	-0.0180225948506108	-0.245951841054397	-0.395328189464919	-0.331253019449796	-0.510047512374211	-0.42330599858867	-0.834747937864914	0	0	0	0	0	0	0	0	0	0	0	0
ENSMODG00000028354	0.0816533305997015	0.228636174058583	-0.020197465558964	-0.169540482961618	-0.185430361720154	-0.395964677620724	-0.687394669522622	-0.265382176053002	0.217858715840352	-1.40665308663021	-0.961517635687164	-2.45134316773025	0	0	0	0	0	0	0	0	0	0	0	0
ENSMODG00000028847	-0.0244164082766232	-0.0862328926990434	0.136291782686897	-0.511727796011146	-0.159927961063656	0.309519336772434	-0.0473713061199552	-0.471899205917669	0.210625825352059	-0.0825849279272237	-0.9416134666828	-1.47477381878859	0	0	0	0	0	0	0	0	0	0	0	0
XLOC_045488	-7.62735172463609	-8.51429108698138	-8.66213111714961	-8.01546938445024	-8.10229133464548	-8.80398192155168	-7.9844858746167	-8.51206686141497	-8.83297058015635	-7.8773396470771	-7.55296005176596	-8.38746095782174	0	0	0	0	0	0	0	0	0	0	0	0
