4	5	6	7	8	9	12	V1	V2	V3	V4	V5	V6	V7
ENSMODG00000000289	-0.413161220112677	-0.0932500680515105	0.031613692915041	0.571356235245067	0.51476205744893	0.375011813893223	1.18788918343406	0	0	0	0	0	0	0
ENSMODG00000001028	0.276960286119105	-0.273751130247508	0.0279168874695808	0.462187273573509	0.707055536031516	0.142075503439539	0.796768615340455	0	0	0	0	0	0	0
ENSMODG00000001640	-0.381627021798311	-0.0298913210728955	0.012685032754888	-0.437328963978765	-0.422452172924724	-0.172954697080009	-0.237566606819057	0	0	0	0	0	0	0
ENSMODG00000001820	-0.319886497908645	-0.181966796413735	0.327546302863683	0.494457829606649	0.797750985320673	0.389182937656733	0.285546604553221	0	0	0	0	0	0	0
ENSMODG00000002278	-0.159125353399405	-0.375488053761421	-0.199638815237178	-0.519031209949204	-0.969598632948459	0.036188093443867	-0.536074394840346	0	0	0	0	0	0	0
ENSMODG00000002313	0.29005212954338	0.238632518050404	0.111205540683646	0.296440694260478	0.286820527731857	0.00262015344316602	-0.194287025302375	0	0	0	0	0	0	0
ENSMODG00000003053	-0.0814954411679281	-0.386183020487495	-0.183909696411243	-0.649418481206023	-0.260848632045138	-0.374060214615615	-0.473148275598322	0	0	0	0	0	0	0
ENSMODG00000003063	0.315921975218583	-0.188698605988012	-0.182756981838659	-0.324255834205464	-1.38458400742761	-0.250132033666981	-0.250929668631128	0	0	0	0	0	0	0
ENSMODG00000003098	-0.10489011604297	-0.093336711797626	0.0122140096014141	-0.363762663767577	-0.344437227179313	0.00887974090040888	-0.309838559298615	0	0	0	0	0	0	0
ENSMODG00000003377	-0.247144518611839	0.104609326179524	-0.256743734593341	-1.23615804133239	-0.127363450954032	-0.058297179102623	-0.423621805435292	0	0	0	0	0	0	0
ENSMODG00000003461	-0.49192463058905	0.0182744563451021	-0.136356164042216	-0.516511270791041	-0.519129612587939	0.01260763071501	0.128351046286532	0	0	0	0	0	0	0
ENSMODG00000003962	0.167764313189758	-0.295219881340243	0.151310632610757	0.253864829483855	-0.404273071445637	-0.727952111384304	-0.474719773951803	0	0	0	0	0	0	0
ENSMODG00000003969	-0.0274583312395364	0.425563463179098	-0.129027524314326	-0.249014476615772	-0.244850336127864	1.28136760168843	1.44626915138592	0	0	0	0	0	0	0
ENSMODG00000005013	0.0627997086836606	-0.104232278954897	-0.392898593729593	-1.08601179014207	-1.8027053879512	-0.164528881406298	-0.498204158598715	0	0	0	0	0	0	0
ENSMODG00000005525	0.244299039767211	-0.10460350295982	0.0524796152470071	0.411941718579361	0.894399356703699	0.290130160177755	0.203620596508683	0	0	0	0	0	0	0
ENSMODG00000005735	-2.25827319086182	-2.09827631136123	-1.79116581652799	-1.53157390032011	-3.0990926985443	-2.2557776985957	-2.07163942831512	0	0	0	0	0	0	0
ENSMODG00000005747	-0.451202103929146	0.0532573193460073	-0.00330489585325111	0.144224583129271	0.745433015889885	0.740402856449922	0.264040123677725	0	0	0	0	0	0	0
ENSMODG00000007239	1.43733227537209	-0.0750077445789335	-0.00322023370240479	-0.0937346375873342	-0.140949600330492	0.107800511344235	0.22487557665481	0	0	0	0	0	0	0
ENSMODG00000007993	-4.23378352013901	-0.219851426418743	-0.0613751744743032	0	0.410290815281233	-0.266298912760746	0.149861446672904	0	0	0	0	0	0	0
ENSMODG00000009286	-0.300563200307615	-0.0193339983520655	0.0789918037194894	-0.633769147328183	-0.575331662116903	0.118542164253031	-0.332147014634774	0	0	0	0	0	0	0
ENSMODG00000009615	0.423009931328983	-0.000305955527294621	-0.0711739312802191	0.625270489691539	1.21745739829226	0.157233567503401	0.329546543159819	0	0	0	0	0	0	0
ENSMODG00000009679	0.122495629743126	0.103751450994021	-0.0512261674913841	0.285968775501793	0.424837321176869	0.293852191614443	0.0235521232544844	0	0	0	0	0	0	0
ENSMODG00000010165	-0.753738406698304	-0.423550467285761	0.321207012098365	-0.172424258123902	-0.316097207766207	-0.362192576207413	0.343824986734375	0	0	0	0	0	0	0
ENSMODG00000010441	-0.0986488578999793	-0.0784443123410021	0.0749648898647868	0.36802924104949	0.741118828300976	0.488693452412472	0.239900575823212	0	0	0	0	0	0	0
ENSMODG00000010770	-0.502506298797018	-0.576710816614572	-1.01534608084572	-0.577020944382079	0.117236709355554	-0.708703559920692	-0.053110664433718	0	0	0	0	0	0	0
ENSMODG00000012456	0.730991459971508	0.427774788151916	0.249755551748282	0.935788542461765	0.964657782788068	0.618423099145109	0.245482976407192	0	0	0	0	0	0	0
ENSMODG00000012999	0.239181108063898	-0.198142859796438	0.12105797135278	0.431269874290217	-0.132387767685386	0.661764468370482	0.579221681346583	0	0	0	0	0	0	0
ENSMODG00000013187	0.0666843416987568	-0.0647621314313609	0.0601554277395255	0.121217458444987	0.90258474765753	0.586206479151786	0.27087803975778	0	0	0	0	0	0	0
ENSMODG00000013212	-1.09920014020034	-0.0448051602055565	0.161901596319625	-0.102355235247249	0.2751781999597	-1.42001741852049	-3.07405971389781	0	0	0	0	0	0	0
ENSMODG00000013220	-0.475299831928833	-0.509271869867473	0.0905550756598217	0.0906427965313741	-0.351945782894827	-1.39548241277203	-0.199250496135898	0	0	0	0	0	0	0
ENSMODG00000013660	-0.0913485166078125	0.0526579095340844	0.0187329826622245	0.219765560547031	0.895213685831913	0.100426744876899	0.372282898107275	0	0	0	0	0	0	0
ENSMODG00000014314	0.212771588527326	-0.00332445119606462	0.143936984419908	0.13054151958866	0.562471943846853	1.02201024213989	0.37388996135055	0	0	0	0	0	0	0
ENSMODG00000014784	-0.304615183793373	-0.187908244056733	0.0477188608325232	-0.22390266532002	-0.278210963171643	-0.0887429464991731	-0.0918492488494955	0	0	0	0	0	0	0
ENSMODG00000015048	-0.0461780389152082	-0.0942904215531906	0.12002284610174	0.632902975161301	0.86563962499107	0.869231261580385	-0.0616989951196287	0	0	0	0	0	0	0
ENSMODG00000015259	-0.376747452043682	-0.346515623923833	-0.174706747570067	-0.653816478531462	-0.392044443799862	0.0987023788390609	-0.814198796371668	0	0	0	0	0	0	0
ENSMODG00000015320	-1.0347527517082	-2.34071802538289	-2.2635357365688	-2.65221399012364	-2.49223654653807	-1.15455580088074	-2.10667365348345	0	0	0	0	0	0	0
ENSMODG00000016737	5.936246758637	6.09575479015456	6.06493184186226	5.73607716701224	3.4544315577603	4.82139654202825	4.09516902021949	0	0	0	0	0	0	0
ENSMODG00000018029	-0.025967722276901	-0.0499980164053317	-0.333048937832712	0.231388943630026	0.863751617564058	1.04364165946806	0.830819575227408	0	0	0	0	0	0	0
ENSMODG00000018221	-0.385869867847646	0.0098869760263125	-0.324945954493556	-0.41723320946004	-0.555080794777361	-0.337818425869993	-0.67866297271101	0	0	0	0	0	0	0
ENSMODG00000018604	-0.196856323215625	-0.087686647275401	-0.041752455368405	-0.604855693940134	-0.630607075379171	-0.0222120354994599	-0.325420328939171	0	0	0	0	0	0	0
ENSMODG00000020516	0.277550368279999	-0.320445227895217	0.0175575102919518	-0.0221794354768994	0.662179661275857	0.732482862994219	0.625645635579088	0	0	0	0	0	0	0
ENSMODG00000020772	1.27825810076434	1.61378447616336	2.00483896245037	1.3957796697533	0.303941571214059	0.191678167281843	0.664995084197872	0	0	0	0	0	0	0
ENSMODG00000021103	-0.298459025411736	0.0291674640120752	-0.156232951722738	-0.449580196920687	-0.532954841629043	-0.0820946759023835	0.125068357652379	0	0	0	0	0	0	0
ENSMODG00000023163	-0.11586525455049	-0.13076352038841	-0.0549822832640867	-0.168136059966173	0.0129792630465313	0.49980830240148	0.545154188054338	0	0	0	0	0	0	0
ENSMODG00000029502	-0.0322352839048237	-0.220730394402624	0.109216919874311	0.399993775278073	0.93739741354488	0.588996780414627	0.14394700655953	0	0	0	0	0	0	0
XLOC_045488	-7.75101811973068	-8.80735350695328	-7.11951747677828	-8.08804732800064	-6.03955590607818	-4.96759986605917	-5.77614229174466	0	0	0	0	0	0	0
