-11	-10	-9	-8	-7	-6	-5	-4	-3	-2	-1	0	1	2	3	V1	V2	V3	V4	V5	V6	V7	V8	V9	V10	V11	V12	V13	V14	V15
ENSOCUG00000000129	-0.0929511440263617	-0.172255565480769	0.0355576677795284	-0.355093824374084	-0.205281094337329	0.0535818991509744	0.242782197292323	-0.199007612895981	-0.0158239276429493	-0.0233370672768469	-0.152809493228609	-0.143276736588359	0.0406541960470612	0.875226743946512	1.58871134648807	0	0	0	0	0	0	0	0	0	0	0	0	0	0	0
ENSOCUG00000000276	-0.169445928525858	0.0884519760322355	-0.060909636350206	-0.0693560978763204	-0.212363033231573	-0.268427138256548	0.349513014395865	-0.183859908853435	-0.0722374555884233	-0.079453493909968	-0.0175443808612119	0.396178188617625	0.229389118822019	1.03469170359316	1.29398810759243	0	0	0	0	0	0	0	0	0	0	0	0	0	0	0
ENSOCUG00000000286	0.0456104396708197	-0.464585003343854	-0.0484819020936982	0.0857077504130146	0.030534378837455	0.107257820528131	0.0522494447057724	0.0207537234251305	-0.0588967622084855	-0.0462587414421236	0.102631054153965	-0.368221257710788	0.158132132431922	-0.761452779372799	-0.792978269334244	0	0	0	0	0	0	0	0	0	0	0	0	0	0	0
ENSOCUG00000000304	0.252704128998619	0.0145278482751867	-0.0888056034065818	0.130343238404076	-0.0717142335463317	-0.00972023758703511	0.174093035974217	0.205073619752654	-0.247559154146045	-0.201404614312411	-0.103183707240177	0.210310354798852	0.275790788611902	0.54195495821439	0.638298859876356	0	0	0	0	0	0	0	0	0	0	0	0	0	0	0
ENSOCUG00000000464	-0.188840873119364	-0.583679399130623	0.206874949793383	0.0747001707933501	0.14428015279969	0.199112513203993	-0.258457776163668	0.243911904535941	-0.032019105524407	-0.0569750546206942	0.0121043589820804	-0.453947330996122	0.0409493168181925	-0.923481168327866	-1.08961333773333	0	0	0	0	0	0	0	0	0	0	0	0	0	0	0
ENSOCUG00000000570	-0.27096738133487	-0.11431013080876	-0.0197211481804151	-0.139601549489504	-0.0718867430825849	0.0782299444781618	0.332460331851816	-0.0939284930951736	-0.0228591446280921	-0.252656102642006	-0.290745119620269	-0.315591477025842	0.183915748325328	0.500210607681755	0.936009583711705	0	0	0	0	0	0	0	0	0	0	0	0	0	0	0
ENSOCUG00000000611	0.213579484846788	0.122712540566018	-0.290424083150937	0.076738031857305	0.0365942540455677	-0.128834395324654	0.213604563130366	-0.0576798397525833	-0.0211839059424204	0.422851342573181	0.0296815032899858	0.515277716984466	0.690961639612167	1.73632200292233	0.933805054892088	0	0	0	0	0	0	0	0	0	0	0	0	0	0	0
ENSOCUG00000000621	-0.0250280997736998	0.486143246562468	-0.680040043229647	-0.0826594019015916	-0.198324072040382	0.141187348195026	0.0527705961085472	-0.068081992690824	0.452325239986182	0.522082358154964	0.23495007764834	1.15830984897388	0.813966383323129	0.361984991101472	0.362305819338622	0	0	0	0	0	0	0	0	0	0	0	0	0	0	0
ENSOCUG00000000696	0.209641335011955	0.24094987933305	-0.408754048265372	0.122472757240703	-0.0421097571426019	-0.125082561980395	0.0553748589771512	-0.321357640837073	-0.215542984868485	-0.369792835179217	-0.197565172697967	1.71133939863536	1.01252453089181	0.579101655174698	1.12074826437882	0	0	0	0	0	0	0	0	0	0	0	0	0	0	0
ENSOCUG00000000906	-4.11185446292443	0.628318462939882	0.0605244328245437	-0.326849002054172	0.647711795017219	-0.318698383274425	0.00126173506722616	-2.68088686892357	0.168019561134344	-0.746312435553775	-0.097562384727567	-0.140238995247941	-0.0287090731337587	-0.79778737159386	-0.117281553902334	0	0	0	0	0	0	0	0	0	0	0	0	0	0	0
ENSOCUG00000001082	-0.43277813960251	-0.661663632011873	-0.332159282373341	-0.126507500195193	-0.417076190856156	0.374301382259786	-0.164214421205787	0.310358702445467	-0.141001630134446	-0.212382676292068	-0.131546311394232	0.231590257521145	0.193557442585332	-0.93768267433559	-0.793444781056625	0	0	0	0	0	0	0	0	0	0	0	0	0	0	0
ENSOCUG00000001127	0.153601170684365	-0.306442700910511	0.194836263296999	-0.125053673848862	0.0589819060250472	0.194391239474378	-0.134197026146811	-0.106432776387141	-0.0164287234742613	-0.127681476916489	0.0870245400491454	-0.307655893691061	0.241906585426098	-0.847508489557772	-1.16577332750497	0	0	0	0	0	0	0	0	0	0	0	0	0	0	0
ENSOCUG00000001269	0.119942924690875	-0.535958413655583	0.0991333055188317	0.0521148884118006	-0.00875886698273121	0.162820893423078	-0.0335152234040184	0.135255583828386	-0.0408356715735323	-0.125288553349957	0.0373931578747353	-0.233871854363034	0.180351926974993	-1.03299913373535	-1.03701538933539	0	0	0	0	0	0	0	0	0	0	0	0	0	0	0
ENSOCUG00000001496	0.094286385379637	-0.225869156077636	0.0150994068577326	-0.0229756987799892	-0.151351273276543	0.0703563717538387	-0.0254124218540248	0.0412365563228523	-0.186706741447093	-0.0319294966592105	0.140415962616181	-0.325939785332095	0.0952642545602194	-1.02067652048182	-0.763345637986094	0	0	0	0	0	0	0	0	0	0	0	0	0	0	0
ENSOCUG00000001647	-3.52643836172947	0.61425370466694	0.116302686507911	-0.254090603188035	-0.204677310937798	-0.316708822469563	0.0258009400661789	-2.08473383654728	-0.33006573433578	-0.405573301749682	-0.0527948019739925	0.0643601629444041	0	-0.317471132741976	-0.111021156026513	0	0	0	0	0	0	0	0	0	0	0	0	0	0	0
ENSOCUG00000001766	-3.53075735229021	0.856300976757471	-0.101326587571181	-0.379723722522294	0.0487891872509711	-0.562145611342631	0.0580457703649664	-2.75311625923644	-0.228108989497667	-0.828155437552358	-0.548471693634073	-0.939791187886672	0.420021950739919	-1.92205903388683	-0.304205148020131	0	0	0	0	0	0	0	0	0	0	0	0	0	0	0
ENSOCUG00000001833	0.178235266825441	-0.541406046352567	0.241550284979011	-0.0839337526592328	-0.0752624453932178	0.00964257768162291	-0.11365296400168	-0.165795385567334	-0.0192552000002664	-0.0218046692270768	0.0515238766241257	-0.677342204802452	-0.0068442543966043	-1.18576889392835	-0.747563514438603	0	0	0	0	0	0	0	0	0	0	0	0	0	0	0
ENSOCUG00000001836	0.229316844984484	0.445156361425242	-0.0927050323047469	0.103693640088435	-0.116356947855136	-0.100312536387897	0.182773151533557	-0.114178398571888	-0.0294743534427981	-0.00633849194681524	0.0634099010803775	0.783496655787303	1.02646413425813	-0.100220066614581	1.08410219717544	0	0	0	0	0	0	0	0	0	0	0	0	0	0	0
ENSOCUG00000001849	0.167848833458809	-0.5535281543877	-0.00538931615591931	-0.0294025420110531	0.0290448812680637	-0.003314926916822	-0.0952998218571954	0.12845407429694	-0.125176289288033	-0.191598040365994	-0.436977439840621	-0.517365178781414	-0.136889708430402	-1.39731478652199	-0.857452823998573	0	0	0	0	0	0	0	0	0	0	0	0	0	0	0
ENSOCUG00000002134	0.306278041684047	0.479824786441417	-0.183466034452849	0.0608697585275917	-0.0101146015831146	0.0322233764340676	0.128539177278134	0.24927239044096	0.260208694774723	0.706230801590093	-0.192774922707298	0.478297841685449	0.217836030704862	1.25585175576219	1.04346128186217	0	0	0	0	0	0	0	0	0	0	0	0	0	0	0
ENSOCUG00000002197	-0.401734573530776	-0.302066132399262	-0.00186679095955977	-0.0587060662238281	0.119938864491703	0.0711611297415971	-0.118814016491788	0.272554635848199	0.00839177870707708	-0.0581422081710894	-0.0584729847522656	-0.233031857524235	-0.162722579217657	-0.785413571796128	-1.38170221435314	0	0	0	0	0	0	0	0	0	0	0	0	0	0	0
ENSOCUG00000002261	-2.75038098790586	0.0808714486433879	-0.0745652841363776	-0.0970610811099404	-0.177644404412459	-0.143434007275094	0.0360080535696804	-1.58426406753513	-0.0722371162639706	-0.157820492672405	0.0590887634939616	0.0409826997706736	0.0416159720812617	-0.409464141858008	0.32742194076929	0	0	0	0	0	0	0	0	0	0	0	0	0	0	0
ENSOCUG00000002299	0.103579476528173	0.0805508598657685	0.163889253695994	-0.135218948953171	-0.0706348076892542	0.0854091462073709	-0.313821561197507	-0.015649435330344	0.211924398553422	0.127054825115936	0.172473490775119	-0.486260362460312	-0.14264197192606	-1.08060093692966	-0.660909997598154	0	0	0	0	0	0	0	0	0	0	0	0	0	0	0
ENSOCUG00000002312	-0.0141349206096928	-0.172401472931011	-0.199299990193783	0.113446736691633	-0.147049700378865	-0.166130633948788	0.42613518084382	-0.024240365015098	0.242462964716446	0.0617050345150663	-0.071076565005276	0.26632344172153	0.348598911102764	0.854516788825705	1.02265211899651	0	0	0	0	0	0	0	0	0	0	0	0	0	0	0
ENSOCUG00000002339	0.488148884639154	0.773631090834462	-0.641807049249995	0.0273489988223989	-0.393447545441956	0.191624659711279	0.265435116829251	-0.0259460534180267	0.0947696501425694	-0.203661103574494	0.297299088251588	0.931439014619523	0.600787263672047	2.25100851618236	1.98802749046377	0	0	0	0	0	0	0	0	0	0	0	0	0	0	0
ENSOCUG00000002613	0.333763010003238	-0.279250104682156	0.0320859397295372	-0.0927095015522443	0.0841396514121939	-0.144071207100819	0.272081199397764	-0.2317825154252	0.547824754521118	0.400448520178145	-0.0397274202785827	1.02281667007985	0.50140941633525	0.666029757242537	0.846213162680662	0	0	0	0	0	0	0	0	0	0	0	0	0	0	0
ENSOCUG00000002754	0.539367084256591	0.229467398310176	-0.117724173380001	-0.124160716572086	-0.285783025411922	0.275397568092716	0.166561025334343	-0.185700697142012	0.273807740258898	0.291948836872838	0.0164791187511664	0.632006529887616	0.230223725550452	1.51568448389932	1.52714189967656	0	0	0	0	0	0	0	0	0	0	0	0	0	0	0
ENSOCUG00000002789	-1.79302613926501	-0.0297198081955727	-0.0593914631664883	0.0387947003308463	-0.0111828447774969	0.0342025055049572	-0.00190207304085532	-1.09745171082402	0.0779893391434741	-0.132085084625294	-0.357979233790981	-0.0850562190561909	-0.0768928291375676	-0.21921028256979	-0.0888916764458949	0	0	0	0	0	0	0	0	0	0	0	0	0	0	0
ENSOCUG00000002887	-0.169550141401566	-0.394390298285274	0.0263522205234521	-0.000901909044412896	0.172958237551938	0.113745779283352	0.162253386106109	-0.139504768054111	0.04332631729398	0.173706940222942	-0.00326405382300976	0.67644140174122	0.499372471672716	1.07892997729666	0.883046346096007	0	0	0	0	0	0	0	0	0	0	0	0	0	0	0
ENSOCUG00000002891	-3.60938304305983	0.750379320451344	0.019827101035781	-0.766106282189279	0.0190637005029919	-0.415534962160014	0.0538165041010932	-3.08688709527779	-0.367002768216265	-0.983107240760993	-0.548471693634073	-0.905452785755266	0.215816790941194	-1.95296100092683	0.138682963452789	0	0	0	0	0	0	0	0	0	0	0	0	0	0	0
ENSOCUG00000002897	-0.084309966317087	-0.101733061931813	-0.141545532378308	-0.151341377627581	-0.270347744112345	0.00176602588116381	0.424358427855369	-0.106192464801244	0.00179917471809343	-0.226652338647392	-0.260922967752727	0.610572681833835	0.155767049309177	1.12624700749514	1.71718935905323	0	0	0	0	0	0	0	0	0	0	0	0	0	0	0
ENSOCUG00000002958	0.131999031270757	-0.0988600335380641	-0.293690021664189	-0.118538500916482	-0.0900272119264898	0.0277941896505265	0.145888687356764	-0.052566982878659	0.165900828514317	-0.128158038002917	0.240264058677488	0.0432966437803772	0.0534292935790432	0.0143530770470113	1.89925334299025	0	0	0	0	0	0	0	0	0	0	0	0	0	0	0
ENSOCUG00000002994	0.293053198891334	0.406372192363294	-0.38099902614134	-0.128494628746464	-0.0400188123736607	0.412056350696299	0.0629155273547823	0.192258985810222	0.613011795781494	0.547685179223699	0.280839872111073	0.982166935369038	0.48206172950086	0.43054384896894	0.411103728064093	0	0	0	0	0	0	0	0	0	0	0	0	0	0	0
ENSOCUG00000003052	0.19453397635392	-0.508932408478502	-0.245689807399449	-0.00253421367684314	-0.036267587719538	0.189138511053448	-0.359219465490643	0.0213848076077454	-0.0311936252981173	-0.093015873121022	0.0343720092709772	-0.235670822180898	-0.324264974194291	-1.59777091579983	-2.51707277613817	0	0	0	0	0	0	0	0	0	0	0	0	0	0	0
ENSOCUG00000003291	-0.147359379265933	-0.13997036797495	0.090844638017904	-0.208914928917045	-0.15440985343331	0.146702186664345	-0.0286699379047031	-0.14731010984229	-0.0969515285892486	-0.0896668782922374	0.0419583159353225	0.20657118135729	0.272059440142304	0.335857338215995	0.754562808602929	0	0	0	0	0	0	0	0	0	0	0	0	0	0	0
ENSOCUG00000003394	-1.69660584523966	0.637252634996083	-0.0902523710364928	-0.254838012060664	-0.159638722649214	-0.945497121332161	0.147463208435904	-3.35309898586916	-0.568031778391798	-1.4118539032788	-0.527174573851045	-0.69141970233496	0.215816790941194	-1.40106352643305	-0.363730639991965	0	0	0	0	0	0	0	0	0	0	0	0	0	0	0
ENSOCUG00000003642	-0.129465775590544	-0.137652845937055	0.0802338507766986	-0.147731833418801	-0.0419699264721576	0.0343995736724718	0.116636628866067	-0.109540817785375	-0.0718275476658627	-0.103295589839835	-0.00874328264086088	0.163130921829132	0.0379135094262306	0.623556262282356	0.849743142250359	0	0	0	0	0	0	0	0	0	0	0	0	0	0	0
ENSOCUG00000003870	2.05482992993592	1.29327014292844	-0.103594272576994	-0.204024195271364	-0.142248426952664	0.220114620894464	0.293140341661798	-0.115296465988097	0.0623596532868153	-0.0515835033721039	-0.140320447653058	0	0.0606996373468758	0.198761331568149	0	0	0	0	0	0	0	0	0	0	0	0	0	0	0	0
ENSOCUG00000003871	-0.0724774674693407	-0.0949278250213998	0.00495365093065825	-0.00453100435906251	-0.107151069866923	0.161076632505964	0.0982652627069882	0.0164253539958459	-0.210100118040627	-0.283838466767731	0.0151033935536855	-0.427131446006721	0.125692496588094	-1.56600240655068	-0.717506869279413	0	0	0	0	0	0	0	0	0	0	0	0	0	0	0
ENSOCUG00000004042	0.146900352201678	0.457523229011227	-0.261256038182412	0.0150363812856096	-0.229037139927584	0.00457277301314107	0.19633541297591	-0.142336332132687	-0.209482111224927	-0.0455533775546968	0.0581959650887445	0.716060923707658	0.362883788063169	1.48538368216997	1.27973826603587	0	0	0	0	0	0	0	0	0	0	0	0	0	0	0
ENSOCUG00000004117	0.139388123324362	-0.422402904157705	0.14380610588117	-0.1263836685123	-0.0938760439132142	0.15382622157029	-0.142592451762418	-0.0995708191223326	-0.0669738679041387	-0.229483253858159	0.119586330034503	-0.574155440086409	-0.0685867977977903	-0.739715755400004	-0.950949479535444	0	0	0	0	0	0	0	0	0	0	0	0	0	0	0
ENSOCUG00000004119	0.0303626806787571	0.412046364392231	0.189811937058306	0.211214534453195	0.104354170385055	0.0664922745368592	0.279014823759597	0.149193204028184	0.04426286017096	0.234096938254848	-0.274744163210914	0.212389531178232	0.674016504027606	1.69425733608411	1.00110948830575	0	0	0	0	0	0	0	0	0	0	0	0	0	0	0
ENSOCUG00000004320	0.103187213220391	-0.311559907866523	0.18767414001014	-0.00832760625957363	0.123230635597894	0.125264447008742	-0.570579950235025	0.208640487022569	0.133654383943679	-0.05288964021479	0.0315310755173135	-0.402705335451108	0.0176579321979577	-0.630768197699327	-1.51353065694703	0	0	0	0	0	0	0	0	0	0	0	0	0	0	0
ENSOCUG00000004416	0.00715327786329922	-0.0582034353932395	-0.0200082336734555	-0.12266116374124	-0.0890157371895164	-0.113825289411154	0.123983732433075	-0.0871235566542445	-0.195033084197841	-0.208529926204493	0.134925448582447	-0.312275535459457	0.0563006668517261	-1.09007909014254	-0.743247172387397	0	0	0	0	0	0	0	0	0	0	0	0	0	0	0
ENSOCUG00000004432	0.0190044587933995	0.347390053805832	0.00325845327759922	0.0110602968660629	-0.0616583416054475	0.111136990265113	-0.0316891034497111	-0.0126747268204177	-0.0440040666708557	-0.123340585330493	0.0382390440723643	0.183246437277856	0.0523864951244759	0.131212378675786	1.55047022346151	0	0	0	0	0	0	0	0	0	0	0	0	0	0	0
ENSOCUG00000004486	2.81058672971438	1.37285492881726	0.836708659826235	-0.0221335637381924	0.387651963312511	-0.0453959638918732	0.130060632438483	-0.113049353976852	0.621259898130133	0.751571763055067	-0.218108028277832	0.874898386969473	0.637431488259179	1.24282444094164	-0.175595250026343	0	0	0	0	0	0	0	0	0	0	0	0	0	0	0
ENSOCUG00000004502	0.0153160669842798	0.192626007289484	-0.131350283585156	0.176225697636436	-0.0445304090953016	0.163012233907649	0.093713696466069	-0.205988921220755	-0.116713954846183	0.31823954129408	0.0816295641650564	1.02305450763327	0.356302479936766	1.07301290441097	0.541360027793316	0	0	0	0	0	0	0	0	0	0	0	0	0	0	0
ENSOCUG00000004588	-2.19650244087059	0.13093426593141	-0.0902776786400775	-0.348172660303428	-0.147070069552439	-0.422443933197318	-0.156813087294788	-1.00684976977251	0.0705721966864833	0.00527281644110802	0.112506753917744	-0.0339105609195504	-0.164478363967007	-0.654744110108858	0.0276618074262764	0	0	0	0	0	0	0	0	0	0	0	0	0	0	0
ENSOCUG00000004620	-5.45819535108962	1.28086511330138	-0.225584739732815	-0.918492259902437	-0.0350719868620546	-0.603511312655675	-0.0925270939689551	-3.89377380860316	-0.546258956525827	-1.09936655117861	-0.573635194371744	-0.461258485315041	0.231139719931593	-1.3695431707626	-0.084855568795734	0	0	0	0	0	0	0	0	0	0	0	0	0	0	0
ENSOCUG00000004644	0.0626288767725702	0.538185737121954	-0.271189621433005	0.0973967958784945	0.0617013766435619	0.0223171783716234	0.143772107081606	-0.143477824404325	-0.018103166571195	0.164034722002688	0.181542997184965	0.271802684257293	0.27501270007427	0.311118680564111	1.00437679295931	0	0	0	0	0	0	0	0	0	0	0	0	0	0	0
ENSOCUG00000005003	-2.51523048013137	0.667026224849025	-0.472697249921391	-0.409957910337424	-0.191594570711058	-0.62042284166133	0.0107736208656797	-2.80883918096175	-0.0577903859916671	-0.896903520786441	-0.184437197661251	-0.553037504967305	0.0309123320835879	-1.25991582261971	-0.0117475733274071	0	0	0	0	0	0	0	0	0	0	0	0	0	0	0
ENSOCUG00000005079	-0.0957935964960948	-0.370932400539236	0.0371051478535716	-0.0721584267550508	-0.0171730531081771	0.0895735973387115	-0.0963266603493533	0.0928000247737417	-0.0389609502126156	-0.0218723090231965	0.0287832300205793	-0.310362698167619	0.0507693896221824	-0.858519100672316	-0.918996070098052	0	0	0	0	0	0	0	0	0	0	0	0	0	0	0
ENSOCUG00000005228	0.0293390165574983	0.584107868863714	-0.714425425259506	0.181431535044863	0.0698008127297789	0.281886201867638	-0.341667110626595	-0.0504686798160541	0.597493833943071	1.36689428127963	0.022517205081908	1.15299485913283	0.803312364832863	1.69335462679566	0.749881671356491	0	0	0	0	0	0	0	0	0	0	0	0	0	0	0
ENSOCUG00000005329	-3.36503647906256	0.229899895500214	0.269534944142774	-0.616902030769309	0.10244003798831	-0.586445000961633	-0.108372130935006	-3.1372532190864	-0.342988990276663	-1.08408939596371	-0.667491896447562	-0.309715869903583	0.61540884610705	-0.491528179933792	-0.539411682914115	0	0	0	0	0	0	0	0	0	0	0	0	0	0	0
ENSOCUG00000005330	-0.4168650613464	-0.345305106515044	0.0909515413691109	-0.117121859915384	-0.097021416265366	0.213623531899487	0.0183217916877334	-0.00901813582880084	0.105593576755986	-0.189758452200107	-0.246690333370685	-0.248943033941975	0.269375933973052	-0.385959318011762	-1.37874963550729	0	0	0	0	0	0	0	0	0	0	0	0	0	0	0
ENSOCUG00000005522	0.204800514854046	-0.583352100707527	0.0496367856457329	-0.0118673398747902	-0.0539922686585435	0.0949041234735493	-0.0237532407206338	0.0690815863547467	-0.0609289655191851	-0.389407036511759	-0.13336251506448	-0.232406275377896	0.152669063462386	-0.968687657801241	-0.868075463907569	0	0	0	0	0	0	0	0	0	0	0	0	0	0	0
ENSOCUG00000005581	0.163770092534235	0.275184429653204	0.19045481805594	-0.0442660421603357	0.00369143494574217	0.131761623696384	0.0610935333112337	0.163641163751767	0.375207498692089	0.0769301761328708	0.0767024028471472	0.0339839467148236	0.471717914786433	2.4958923742877	1.8413575107911	0	0	0	0	0	0	0	0	0	0	0	0	0	0	0
ENSOCUG00000005808	0.216769306790315	-0.307240812726383	-0.487703032497572	0.200642896656356	0.21600731985811	0.194936902884129	-0.0691487991962454	-0.26405937483028	0.510313634645199	1.12792136353662	0.513674517204494	1.07766745956016	0.467772935411541	1.03961434641647	0.762770462141821	0	0	0	0	0	0	0	0	0	0	0	0	0	0	0
ENSOCUG00000005865	0.244066273107607	0.887445690319005	0.0845775373554494	0.253086947668379	-0.338946672582624	-0.0259593993734506	0.263988537991967	0.236929852786585	0.647872078867482	0.67172585405731	-0.0448856018841273	0.838818486609446	1.32944495329427	0.249120234609667	0.516385566195759	0	0	0	0	0	0	0	0	0	0	0	0	0	0	0
ENSOCUG00000006043	0.256629623068743	-0.504294138977341	0.158723769871598	-0.022216128281709	0.00389588358595017	0.170424461672167	0.00856549807565798	-0.0233061887815893	0.0927953824423007	-0.256255780880995	0.145715894080138	-0.259628896845782	0.155545661085092	-1.25437809762612	-1.28810220643562	0	0	0	0	0	0	0	0	0	0	0	0	0	0	0
ENSOCUG00000006186	0.199522231101013	0.419214760273287	-0.408718486523707	-0.00447780076233162	-0.0386156822495494	-0.129515700398445	0.235832619236518	0.0241911455867285	0.0627743971068249	0.357963180191351	-0.0461552289066454	0.746701806445278	0.118363638615286	1.30310280215735	1.27648561285924	0	0	0	0	0	0	0	0	0	0	0	0	0	0	0
ENSOCUG00000006454	0.00225529456575213	-0.00208839334592881	-0.0329276822902926	-0.0483096238093808	-0.0610589854574171	-0.0526155195417317	0.141125102172728	-0.0896603423046836	-0.275083583967412	-0.170915963330771	0.00178898773610214	-0.0908776592787071	0.339338404272903	0.30611435231884	0.87562909269556	0	0	0	0	0	0	0	0	0	0	0	0	0	0	0
ENSOCUG00000006592	-0.601830035684625	-0.741719046443334	-0.248073056009651	-0.351359943878665	-0.204229907588354	-0.214365093239553	-0.503233726969393	-0.214494335569291	-0.150245492139468	-0.295835722732388	-0.354769292604195	-0.51961001637437	-0.108235159842114	-0.648735223740329	-0.972728189932679	0	0	0	0	0	0	0	0	0	0	0	0	0	0	0
ENSOCUG00000006775	-0.123901211926305	-0.653235782582035	-0.162200429090389	-0.250137966818016	0.21822571724628	0.131503484305529	0.141870587344944	0.135311201217358	-0.721470774844164	-0.651378851806806	-0.205584915236235	-0.468611502842027	0.0832735525627628	-1.22277473497115	-0.767550687094852	0	0	0	0	0	0	0	0	0	0	0	0	0	0	0
ENSOCUG00000006785	-0.432451007636461	-0.288169723386713	0.0885131432827961	-0.00675619924724469	-0.0284111224468813	0.0400774537407251	-0.174510666302853	0.158207041942246	-0.0916047008384737	0.0239931701643874	-0.0108144592179897	0.130809210824707	0.168827529402348	-0.763429801134043	-0.872894801406923	0	0	0	0	0	0	0	0	0	0	0	0	0	0	0
ENSOCUG00000006797	-0.100948642290535	-0.0751613423993396	0.0192886964879815	0.0154762563819695	-0.108447816850521	0.0455233258598753	0.23695345680135	-0.0807691396223422	-0.0482248167888253	-0.123574536347332	0.0766019551022383	0.112505389557332	0.27856172901158	0.651118880106531	0.949121210855747	0	0	0	0	0	0	0	0	0	0	0	0	0	0	0
ENSOCUG00000007056	0.305833039178577	0.472561438432403	-0.229836188646082	0.0410886153594001	-0.111180599298606	-0.268862419824972	0.212882792801658	0.572330334752703	-0.0434700251178839	0.181786860958407	0.398485491030423	0.970754804814542	0.568809887830108	1.3645433480125	1.3126981867403	0	0	0	0	0	0	0	0	0	0	0	0	0	0	0
ENSOCUG00000007216	0.0354321309444252	-0.47934899641338	-0.045526201934484	0.0175353437119821	-0.0706725264712258	0.0454471370566623	0.121973049447497	-0.0111296144102067	-0.266337332474469	-0.13762401304518	0.00638304552643021	-0.468445992851663	0.210784032857951	-0.706465732228438	-0.831305669573123	0	0	0	0	0	0	0	0	0	0	0	0	0	0	0
ENSOCUG00000007227	-0.0784319661821096	-0.140798283988074	0.0341536944088547	-0.0943255331539401	-0.198086355982054	0.0720687094951611	0.263546001433277	-0.0733883350159168	-0.00859772864496122	-0.130927754990063	-0.147352286197118	0.0199118033857317	-0.0482507557565928	0.506975414203527	1.35331689456281	0	0	0	0	0	0	0	0	0	0	0	0	0	0	0
ENSOCUG00000007401	0.16888920762636	0.150811648799956	-0.202820435327316	0.0395573493531707	-0.0505706793580627	-0.252697974199764	0.140500068411626	-0.18353594575255	-0.0878711123877842	0.00136516211038895	-0.00687647772767441	0.214631577113673	0.137889139130666	0.961592541316062	1.14441537164322	0	0	0	0	0	0	0	0	0	0	0	0	0	0	0
ENSOCUG00000007505	-0.397655073497801	-0.120344517927248	-0.31097752409058	0.159216329084461	0.11011789433348	0.388009546686708	-0.019533191727954	0.0903841223520154	-0.369376103454117	0.161180794161111	0.130597440237892	-0.471933136739749	-0.314889158524661	-1.44466814078472	-1.38879365702173	0	0	0	0	0	0	0	0	0	0	0	0	0	0	0
ENSOCUG00000007542	-4.03546008493449	0.840237665455962	-0.1518916533476	-0.566757640041509	-0.258895217680613	-0.57732896109653	-0.10644786186715	-2.7706031322165	-0.429061105048796	-1.061524248098	-0.748465419309374	-0.775296049694768	0.330613240259285	-2.04064622208877	-0.279531137242328	0	0	0	0	0	0	0	0	0	0	0	0	0	0	0
ENSOCUG00000007763	-0.037908467149351	-0.587208201946062	0.214112549262897	-0.146918311071968	0.107774095626607	0.116356681545533	-0.228812943982063	-0.0272772062261808	0.121373897404871	-0.0107157006551546	-0.000385598544075272	0.00202022301539717	0.129034301601223	-0.454963160920177	-1.78843715694141	0	0	0	0	0	0	0	0	0	0	0	0	0	0	0
ENSOCUG00000007829	-0.1150900278335	-0.201970178190813	-0.239390636041271	-0.143288180818629	0.214510029037006	-0.116216342424999	0.132185212249409	0.425416348244	0.215489985612456	0.186839211902311	0.364384533809987	0.561261445740294	0.518901323773205	1.01495104598324	0.829272134825039	0	0	0	0	0	0	0	0	0	0	0	0	0	0	0
ENSOCUG00000007866	-0.263311326205137	0.36545717489606	-0.0135604184083009	0.00329073079290954	-0.142650001320837	-0.0788013223913486	0.488238748432056	-0.131998935721176	-0.401118131890883	-0.00305639546107894	-0.149304374269746	0.435911706358435	0.549765146414464	1.50456523239892	1.5769637294642	0	0	0	0	0	0	0	0	0	0	0	0	0	0	0
ENSOCUG00000007890	0.327561771451788	0.198654766101063	-0.248392756952045	-0.0770555765747138	-0.380347625702384	-0.0672450753478562	0.356007931714499	0.0374802221798807	0.0620963646560706	-0.543517846433875	-0.252076112666422	1.25372608910357	-0.0420238500273313	2.44502829198101	2.45145664266559	0	0	0	0	0	0	0	0	0	0	0	0	0	0	0
ENSOCUG00000007970	-0.0900835426537601	-0.315694889483636	0.218398520094858	0.0950779504490376	-0.0213905881222827	0.106377123952792	0.040131181209853	0.112323807647533	-0.099934779432024	-0.000760465210541739	0.0258048102848853	-0.731189518990449	-0.0457796262059578	-0.91712427249796	-0.438155097467467	0	0	0	0	0	0	0	0	0	0	0	0	0	0	0
ENSOCUG00000008004	0.0138785840834199	-0.220484385978494	0.0494621338960872	0.0101177665337833	-0.0525698348581365	-0.100792886507185	0.392131162731568	0.0291245406868015	-0.384180204213643	-0.254705419924596	0.000474294382999396	-0.515211464728218	0.208097379019843	-0.628045019049595	-1.16177883750845	0	0	0	0	0	0	0	0	0	0	0	0	0	0	0
ENSOCUG00000008118	0.000577423999314597	-0.0167593203566252	0.443388533464516	-0.11429212911796	0.177366721359631	0.40322462841824	-0.0248271695714246	0.0268949266600567	0.467126706519666	0.113239242345451	-0.670041841209563	1.62352834745852	0.865941672241928	0.274816249968219	0.853175362231072	0	0	0	0	0	0	0	0	0	0	0	0	0	0	0
ENSOCUG00000008152	-0.31980302056824	0.0750789814770592	0.0680400218923927	-0.089618441537672	-0.0281022639381585	0.0337433830513403	-0.049116082346857	-0.184115906783071	-0.327147529797776	-0.0378174971407015	-0.201804418436138	0.481758117038496	0.343889670280571	0.665880660880973	0.824527271982249	0	0	0	0	0	0	0	0	0	0	0	0	0	0	0
ENSOCUG00000008341	-0.155154172907315	-0.458426462157986	0.0493098949506297	0.00284779734292728	-0.200898138734394	0.0618694252150283	-0.0518985315609797	0.0562735926827163	-0.355477872075193	-0.250094249924456	-0.160070799179012	0.0707779045829966	0.0715453925448788	-0.448791104658752	-0.744324033304463	0	0	0	0	0	0	0	0	0	0	0	0	0	0	0
ENSOCUG00000008393	-0.174194026948957	-0.259356926923031	0.0254475265285041	-0.246652119830139	-0.112903594403097	0.0582902612724974	-0.126855565483218	0.0137694847830065	-0.160346710247835	-0.0839202535102244	-0.0587760722643278	-0.0215680924746131	0.149084853738186	-0.503975612030558	-0.639395597375803	0	0	0	0	0	0	0	0	0	0	0	0	0	0	0
ENSOCUG00000008419	-0.108954388512814	-0.561192918436283	0.280644041721121	-0.148082646843852	-0.0152807443906378	-0.0117183447795481	-0.241329490730593	0.0729942679049973	-0.239550513974457	-0.149199795202524	0.184589255474659	-0.929447388066439	-0.330484710945273	-1.36956517030555	-0.837339940990169	0	0	0	0	0	0	0	0	0	0	0	0	0	0	0
ENSOCUG00000008530	-0.239406118791797	-0.200139940724908	0.228083044137296	-0.410470706673868	-0.0737035193198645	0.126401030096326	0.0158515537673498	-0.00434666513367077	-0.130337679627262	0.0515175346094114	0.0829061811470728	-0.357928137296775	-0.138821203450563	-0.880419958163563	-0.718121365240905	0	0	0	0	0	0	0	0	0	0	0	0	0	0	0
ENSOCUG00000008571	0.160422247526723	-0.878410518841321	0.163530548561967	-0.0402384359577965	0.0328420306843178	0.0139624827420626	0.000521372760708516	-0.0632003352496699	-0.141862072266553	-0.255348535249905	0.096104064979917	-0.463038061040933	0.129529175784956	-1.08435937497919	-0.61749382183007	0	0	0	0	0	0	0	0	0	0	0	0	0	0	0
ENSOCUG00000008583	2.41144945892838	1.8816615644532	0.760271930965183	0.285364960818984	0.503203272160117	-0.408009511911062	0.118488173340248	0.157409729431444	0.592994888655456	0.0674485977919959	0.0873609347074937	0.351110585279485	-0.0588429309563836	1.14391665242658	-0.300121805549858	0	0	0	0	0	0	0	0	0	0	0	0	0	0	0
ENSOCUG00000008699	0.29049886302385	0.250151718085218	-0.479609368137744	-0.309161702838787	0.658923132848337	-0.108010884283515	0.873304852284683	0.152784889725915	0.269269282895351	0.501111239217062	0.603001757719348	0.585754479019341	0.415685437291728	0.975916233244012	0.0558427302141457	0	0	0	0	0	0	0	0	0	0	0	0	0	0	0
ENSOCUG00000008766	0.219575856340496	0.252319545910644	0.0283130853592386	-0.21443883066297	-0.0784433547431886	0.0198738960480505	-0.185123343459054	0.088552934973094	0.179757283171001	0.0962219204561783	0.0800662845845235	0.40081635886107	-0.267757785465871	-0.572247801799843	-1.4075137817339	0	0	0	0	0	0	0	0	0	0	0	0	0	0	0
ENSOCUG00000009011	0.00466235336731469	0.424421342843163	-0.316170271947601	0.0193067808485283	-0.130286064061064	-0.179791336326749	0.31834058211944	-0.121137956533676	0.181708569193003	-0.137136347515832	-0.106667313662594	0.683041840370418	0.323193037561095	0.362761810068607	1.31568718992942	0	0	0	0	0	0	0	0	0	0	0	0	0	0	0
ENSOCUG00000009048	-2.34994662828981	0.411809093395863	-0.363404424963598	-0.456460132270867	0.0708851266738404	-0.192550714021436	0.188154636494368	-2.36586177129768	-0.19711394537289	-0.207032855692754	-0.390010763973967	-0.0319293766275183	0.343866107599872	-0.616169598006716	-0.380964399873436	0	0	0	0	0	0	0	0	0	0	0	0	0	0	0
ENSOCUG00000009096	-0.111693410647867	-0.268807008309849	0.184114583033638	-0.21631599515719	-0.0855952644410163	0.219304566026278	-0.279082236329924	0.22706179735938	-0.102596930391775	0.100985931297973	-0.01549996257903	-0.0504680936862778	-0.0233393909681947	-0.897732915174885	-1.2926401457934	0	0	0	0	0	0	0	0	0	0	0	0	0	0	0
ENSOCUG00000009174	0.0218508881909572	0.218384070008364	-0.510790753875463	-0.354127047585211	0.101141380748551	0.0951051775827463	0.105970751619888	-0.12767300672156	0.0668764769002312	-0.124437599870928	0.00338173353170082	0.0805047498029653	-0.117249127968614	3.87934477193786	1.38516361350633	0	0	0	0	0	0	0	0	0	0	0	0	0	0	0
ENSOCUG00000009346	1.22068883566458	-0.0777969958495288	0.466674026691535	-0.116594709053034	0.240857569781567	-0.184423518550035	0.0179912793946659	0.0797611925861763	0.478468860116243	0.462667105201223	-0.244736224328505	0.930532987907839	0.650088738874344	0.923390267677564	0.0745403669285079	0	0	0	0	0	0	0	0	0	0	0	0	0	0	0
ENSOCUG00000009817	-0.231218070802442	0.111515542999669	-0.0433736685926602	-0.151953187713429	-0.164925208764862	0.0451068416520748	0.401798604133306	0.39270638860543	-0.103800254297632	-0.355342430372537	-0.146781426754993	0.273568940813996	-0.0304083930282255	1.43795732482053	1.22347564253982	0	0	0	0	0	0	0	0	0	0	0	0	0	0	0
ENSOCUG00000009953	-0.00624150302135718	-0.463161174823338	0.0017674658306861	0.00997850223586649	-0.0701194447366644	0.019710982334713	0.0131832481381977	-0.01308104669363	-0.0706934473672511	-0.0612025493484909	0.0554430272310658	-0.571530781105855	-0.0802763326547682	-1.38558877500365	-0.540158797023858	0	0	0	0	0	0	0	0	0	0	0	0	0	0	0
ENSOCUG00000010188	2.22274035870941	1.5882655995722	1.53758117290903	1.50122865867192	1.55269373845975	1.44276831783421	1.19866856369269	1.23479366949095	1.83029007220935	1.67227429011095	0.990136673325622	1.33233261324244	1.96473171328334	2.25986175163616	1.95260850281229	0	0	0	0	0	0	0	0	0	0	0	0	0	0	0
ENSOCUG00000010593	-0.118399562556245	-0.348688107150815	0.158743970737154	-0.0313862808364753	-0.0463435907393794	0.265797001462301	-0.0891887607336264	0.260122325519859	-0.0738791595777064	0.0226894582979495	-0.0417062802192776	-0.287862427196076	0.0343039845257227	-1.25156610912604	-1.07574114292625	0	0	0	0	0	0	0	0	0	0	0	0	0	0	0
ENSOCUG00000010627	0.28078697934192	-0.0479827808751659	-0.181747167309658	0.352500109803677	-0.0606460300740428	-0.0495397641788103	0.128436797909876	0.117624346851303	0.297038944354736	0.148112013394224	-0.154307222329381	0.252646604702057	0.160790691032556	1.36780092501618	1.79897600985637	0	0	0	0	0	0	0	0	0	0	0	0	0	0	0
ENSOCUG00000010747	-0.0416320154878185	0.467073126140054	-0.342379815654414	0.0375476603294138	-0.281681715847818	-0.163129475466006	-0.156245820441218	-0.364740382288928	0.14106231374774	-0.0608109115405089	0.438430167413746	0.341575260782094	0.235100451161113	1.92003935950454	1.7814895029621	0	0	0	0	0	0	0	0	0	0	0	0	0	0	0
ENSOCUG00000011067	-1.96111717429592	0.322936263932208	0.101395514890882	-0.197220442174263	-0.233986982934193	-0.317354973034749	0.124843204104206	-1.96759929021429	-0.0304492817112006	-0.643009849646491	-0.307490633681857	-0.596491247443245	0.262506731470878	-1.25991582261971	-0.279042382571874	0	0	0	0	0	0	0	0	0	0	0	0	0	0	0
ENSOCUG00000011135	2.35014323158518	1.25136302316287	0.640790025207375	0.0387947003308463	-0.215867975620128	0.0660786681465925	-0.0997806841971735	-0.128204347135421	-0.0140529548544305	0.101973643440425	-0.112726905267276	0.198746085372911	0.217097984115906	0.312525961861575	-0.011258818656953	0	0	0	0	0	0	0	0	0	0	0	0	0	0	0
ENSOCUG00000011227	-1.43271577514292	-0.484585548357849	-0.741184680791909	-0.39793811834094	0.343174207864009	0.0251923491657049	0.0341864604252398	-0.0582656471803149	0.127711944584192	0.202062406543353	0.0676506460255939	0	0	0.426387206789815	0	0	0	0	0	0	0	0	0	0	0	0	0	0	0	0
ENSOCUG00000011235	-5.04462402893207	1.17846590687004	-0.487140268634367	-1.2955448306996	0.458463156771617	-0.807261217277783	0.208464103646897	-4.01427044742577	-0.209907529745534	-0.278721523002291	-0.056613027987142	-0.475245234720171	0.610795484587687	-3.84676610971755	-0.606456828331796	0	0	0	0	0	0	0	0	0	0	0	0	0	0	0
ENSOCUG00000011239	-4.96478823785598	1.4409683287235	-0.417157253733527	-0.697213655650238	0.0757295384552763	-0.685585052202083	0.00778281208346543	-3.2812023004368	-0.665838127241076	-0.997227574922415	-0.771855485106321	-1.20129239261701	0.614283617255858	-3.03814176401384	-0.780324807203577	0	0	0	0	0	0	0	0	0	0	0	0	0	0	0
ENSOCUG00000011247	-4.6642189810779	0.740786681775061	-0.308131193718647	-0.746910191053408	0.0414866616640253	-0.439533864627843	-0.217634468956162	-2.90058777859378	-0.322028675910418	-1.04010306625072	-0.732507316793475	-0.849980419755208	-0.105961225130279	-2.03181950936371	-0.633789354719741	0	0	0	0	0	0	0	0	0	0	0	0	0	0	0
ENSOCUG00000011383	-0.2455923775484	-0.0925276080301461	0.193159282823854	0.16581956721041	-0.122704991349327	0.17969457672956	-0.423732351591664	-0.25022908367603	-0.0266560531563094	0.0958850889478935	-0.0522356474862145	-0.842470267552325	-0.126015758737167	-1.77966057231623	-1.47918239416058	0	0	0	0	0	0	0	0	0	0	0	0	0	0	0
ENSOCUG00000011406	0.0677459322212606	-0.462430160236275	0.273740870042627	-0.111687161697856	0.108880899034297	0.117497536845051	-0.215310721691307	0.166188150033761	0.0136418606840412	-0.0921451222177225	-0.0706609128060141	-0.61960799546987	-0.170711872981256	-0.628495876074918	-0.607819904964709	0	0	0	0	0	0	0	0	0	0	0	0	0	0	0
ENSOCUG00000011484	0.530184504437305	0.957627062355665	-0.350205096723452	-0.00236268044175603	-0.406340189716093	0.150356837986964	0.327584593976634	0.0631606552740576	-0.0351483657135931	-0.120810443470593	-0.0580916948491965	0.861134506131343	0.508286371637135	0.436404657831992	1.19441427799848	0	0	0	0	0	0	0	0	0	0	0	0	0	0	0
ENSOCUG00000012279	0.224167968064209	-0.0636601175327058	-0.263442524996624	-0.0179403079943636	-0.0167921750585371	-0.0460956024743631	0.11054238318069	0.0112941839461422	0.379486072371441	0.203955713287606	0.437916862423263	1.67251483902378	1.07499895323954	1.94778475553602	1.03347128731843	0	0	0	0	0	0	0	0	0	0	0	0	0	0	0
ENSOCUG00000012326	-0.105951684391442	0.163294088852293	-0.427400637591782	0.0873480363866905	-0.577424537447276	-0.0260001554536311	0.216841501707189	0.0803667255486764	0.093133455213581	0.0739749564126218	-0.0756340354610932	0.0907896882768364	0.194579325588036	1.00562742913677	1.93652935375699	0	0	0	0	0	0	0	0	0	0	0	0	0	0	0
ENSOCUG00000012338	-0.450012205176025	-0.870316503308453	-0.140503858782303	-0.457146595753077	-0.275509681833807	-0.295669922662281	-0.583016670915516	-0.310929632791179	-0.196372037762156	-0.290475947048751	-0.350354595621759	-0.640923410815642	-0.349994648203284	-0.178460917462921	-0.777834703524206	0	0	0	0	0	0	0	0	0	0	0	0	0	0	0
ENSOCUG00000012368	1.72780710450127e-05	-0.533842033972411	0.125064532453536	-0.0298268664351191	0.0451881923962016	0.116483032572649	-0.12581439069009	0.169951313946889	0.0164708795927613	-0.0257991834351401	-0.041710056994269	-0.460649836914264	-0.17314027788224	-0.89218622994677	-0.834617331314686	0	0	0	0	0	0	0	0	0	0	0	0	0	0	0
ENSOCUG00000012376	0.00244321482090637	-0.545276937001335	0.115262259013557	-0.124196228943282	0.079244760491294	0.143161531437361	-0.29588728136099	0.0989693939971197	-0.0327802724961117	-0.10563762693655	-0.0478756153440418	-0.0729603233145379	0.0106042218755054	-1.10663201986435	-1.08168646377618	0	0	0	0	0	0	0	0	0	0	0	0	0	0	0
ENSOCUG00000012396	-0.124876379186345	-0.199804044185285	0.00371886431403734	-0.101213811691185	-0.090338561113632	0.00765680312055128	0.329377592523347	-0.00644900699379747	0.0674928351165311	-0.112273504112022	-0.136086768423201	0.253138713667916	0.290684633244322	1.0179723853427	0.861613171510248	0	0	0	0	0	0	0	0	0	0	0	0	0	0	0
ENSOCUG00000012506	-0.0978819955782368	-0.45290521903021	0.0326661355390812	-0.0457394726934357	0.121243335093853	0.199818556126644	-0.389345523051389	0.115618936931531	0.254405284876443	0.0699439159455899	0.121303210802942	-0.133966872745766	-0.0352940266001394	-0.769439829957612	-1.34271856070552	0	0	0	0	0	0	0	0	0	0	0	0	0	0	0
ENSOCUG00000012544	0.0673124024950797	0.238765017742854	-0.0819976390501771	0.317973582754383	-0.0572390657694617	0.000356130925178721	0.220828031398315	-0.155478430692498	0.627607618351313	1.49769995821914	0.111835602662583	0.622668226251897	0.652476946494153	2.02377636730831	0.801063895727244	0	0	0	0	0	0	0	0	0	0	0	0	0	0	0
ENSOCUG00000012811	-0.104785456408378	-0.212304229842757	-0.125269577886582	0.0801771238672764	0.00589249809131864	-0.0781898625715005	0.0367374139222516	-0.0216597507836838	0.156884058335897	0.14587762183757	-0.110050970429627	1.16530858287807	0.229898294626967	1.22250902591451	1.06617056212333	0	0	0	0	0	0	0	0	0	0	0	0	0	0	0
ENSOCUG00000012993	0.102116831479913	-0.762150347013793	0.204802254956317	-0.089537096945028	-0.0660795416135853	0.149882873467785	-0.2139432784495	0.110357184588519	0.0788328799806379	-0.156480944727742	-0.139718150804032	-0.0406444771965218	0.0237386907698909	-1.21981703720577	-1.04430511016932	0	0	0	0	0	0	0	0	0	0	0	0	0	0	0
ENSOCUG00000013238	0.102326619595388	-0.0618424432714884	-0.127670740439087	0.0414467021622906	-0.140699574901911	-0.015272326872207	0.103862914388033	0.0776441087872062	0.000881066160158817	0.266127789148396	0.107411878213459	-0.105867920967138	0.120037852578475	0.964035001869766	1.62936042829837	0	0	0	0	0	0	0	0	0	0	0	0	0	0	0
ENSOCUG00000013264	-0.470811062220764	-0.395867270222963	0.119581337931204	0.0566840270135616	0.179199575971417	0.165391850926777	0.0696992250263517	0.097499892589056	-0.650762233484316	-0.3893776373046	-0.132907752527476	-0.802232562630713	-0.00874060977817992	-0.321483790041432	-1.32723992472345	0	0	0	0	0	0	0	0	0	0	0	0	0	0	0
ENSOCUG00000013278	0.353295229292434	0.296935610118985	-0.499228809865961	-0.345623259890849	-0.227499640833354	-0.114888806366862	0.313764915028155	-0.185173539125082	-0.18808515558216	-0.213713006335117	-0.09595460600233	0.734015226418827	0.19798250735519	1.89060884867496	1.42652645224877	0	0	0	0	0	0	0	0	0	0	0	0	0	0	0
ENSOCUG00000013328	0.221263867492012	0.718713381562924	-0.229780327544482	0.0233942458282144	-0.155395961114372	0.0192842736747618	0.296772203008281	-0.184539942285194	0.146936972426142	-0.13907864498397	0.215977182140003	0.416624746149956	0.210275050571045	0.40290885265635	1.99101159163599	0	0	0	0	0	0	0	0	0	0	0	0	0	0	0
ENSOCUG00000013429	0.304032643014736	-0.0645268282515836	0.0460020310370028	0.129877582466241	-0.0294854344554976	0.17744844725813	-0.181874823761136	-0.215725723532556	0.14543913326341	-0.187684567967036	-0.1895585725159	0.800949143525484	0.435389213057763	0.987517642232119	0.560008684861815	0	0	0	0	0	0	0	0	0	0	0	0	0	0	0
ENSOCUG00000013506	0.0881203534682014	-0.284424073396461	0.212037312401874	-0.0923425039270329	0.202171923314086	0.509480855965924	-0.1130434938828	0.132801511329028	0.0576740723661944	0.187806623479691	-0.0130510530807877	-0.84384414288736	-0.213879043985188	-0.811264075153928	-0.786456659496669	0	0	0	0	0	0	0	0	0	0	0	0	0	0	0
ENSOCUG00000013727	-0.131347709187305	-0.336329407969121	0.130940229842386	-0.0825330769486645	0.133885763501684	0.255950122066081	-0.235133561885371	0.102274343401902	0.018445927663183	0.0686088803152152	-0.0615293956545289	-0.37873329651317	-0.432150247527985	-1.00229380779689	-0.577738119323729	0	0	0	0	0	0	0	0	0	0	0	0	0	0	0
ENSOCUG00000013787	0.150540525744245	0.123549988703515	-0.191766045046553	0.286928559211118	0.190056136090902	-0.260573262058339	0.375869738453489	-0.0761200522347303	-0.171241632014229	0.089763054793945	0.0482355889547246	0.134281149233165	-0.317701232016813	4.17323176075999	2.59408324353002	0	0	0	0	0	0	0	0	0	0	0	0	0	0	0
ENSOCUG00000013843	-0.0156535669955371	-0.471809894142221	0.0871718099297993	-0.0679717373516411	0.0966786502241952	0.0905473471430289	-0.223262812304339	-0.0661950942673286	-0.107273193906613	-0.0961989640082273	-0.0570857028922411	0.0794993739067955	0.024906510724608	-0.732628926129848	-0.934943724077291	0	0	0	0	0	0	0	0	0	0	0	0	0	0	0
ENSOCUG00000013970	2.149922182577	1.44663005573722	0.778376635373298	0.0760185783899696	-0.304372612228401	0.014714971560865	0.0262976954213423	0.561533726467564	-0.159885808389249	-0.00923088264842642	0.0751365854381855	-0.239730255704779	0.215913067405802	1.26869213146486	0.381317971746535	0	0	0	0	0	0	0	0	0	0	0	0	0	0	0
ENSOCUG00000014244	-0.125471522675979	-0.55014178009202	0.143171008654273	-0.0740007232466322	0.143473731768403	0.117041720677445	-0.248353792993173	0.3850812661055	-0.0475198614860739	-0.0291118434340989	-0.217583810284789	-0.410701157843558	0.0852692983210552	-0.597431735155812	-1.30072434350774	0	0	0	0	0	0	0	0	0	0	0	0	0	0	0
ENSOCUG00000014329	-0.0194214838380722	-0.315165194005345	0.0234844622061905	0.00549388367271764	0.0870124821611196	0.294357325001277	-0.0700194314812537	0.213645813805503	-0.349517385685957	-0.237545612133188	-0.208945235116149	-0.571824680633391	-0.00505906711478765	-0.58871823039269	-0.859772993230527	0	0	0	0	0	0	0	0	0	0	0	0	0	0	0
ENSOCUG00000014355	-0.156676715945879	-0.432507236992635	0.175123324834246	-0.103241999090563	-0.0459141112415713	-0.0406510101422883	0.142270128431432	-0.149797202927321	-0.177452473198167	0.00115842703306956	0.183113129120697	-0.485896288933402	-0.375369241778007	-1.3545170106193	-0.26124758837336	0	0	0	0	0	0	0	0	0	0	0	0	0	0	0
ENSOCUG00000014415	-0.100772794811476	-0.247591185505518	0.10843976357333	-0.167277678490027	-0.142101079742492	-0.00381218947637052	0.329358303965927	-0.0429771767791376	0.0297346604863016	-0.336109443005116	-0.00436998771138697	0.386317323122793	0.0308129666683428	0.831152589695927	1.879353496062	0	0	0	0	0	0	0	0	0	0	0	0	0	0	0
ENSOCUG00000014499	-0.108188011217935	0.64616969086514	-0.0510077010220549	0.0244979708033055	-0.0328794816525395	-0.21314727800435	0.741586597933909	0.09483995742124	0.461444920670681	0.490567293056604	0.22855089682433	0.53936819795785	0.622525597131857	1.9623181154055	0.439136462203033	0	0	0	0	0	0	0	0	0	0	0	0	0	0	0
ENSOCUG00000014741	-0.537695664659786	-0.923584630510948	-0.233530667533472	-0.417097515182206	-0.11614378955312	-0.208868337216401	-0.428722722484659	-0.266533934980392	-0.178441596760022	-0.13939360102834	-0.379123846589823	-0.0514241989054041	-0.167860013146222	0.203734465655267	-0.624429588158975	0	0	0	0	0	0	0	0	0	0	0	0	0	0	0
ENSOCUG00000014748	0.0627365066151455	-0.429011418436245	0.0439037251147791	-0.0500399779008891	-0.0694663992673998	0.011224702127187	-0.0924275643862753	-0.0507288691672816	-0.258881563236363	-0.138609818146124	0.11173427683277	-0.356947539258133	0.176621273241341	-1.19062934713544	-0.81766112144499	0	0	0	0	0	0	0	0	0	0	0	0	0	0	0
ENSOCUG00000014871	-0.201968471721244	-0.239400486298889	0.133292159367634	0.12993684014951	0.026635451197663	0.178926519026869	-0.096566952782652	0.100262051696059	-0.030649715435441	0.0225547931031924	-0.178138157198143	-0.354177714945556	0.126535614125162	-0.993035612420589	-1.11956217734068	0	0	0	0	0	0	0	0	0	0	0	0	0	0	0
ENSOCUG00000014914	0.141210088492999	0.191034970388367	-0.427137624253738	-0.0116915948745637	-0.166622086806425	-0.159011485950353	0.259277099489037	0.0657426613481116	0.0949992783068776	0.576836153945038	0.278731631122568	1.14850949856576	0.493682368804205	2.12039795826482	1.44971808277354	0	0	0	0	0	0	0	0	0	0	0	0	0	0	0
ENSOCUG00000015053	0.130652867784177	-0.510698431603584	0.0825044174066552	-0.0340036893486504	-0.0673403770911092	0.103003539392008	-0.112765326195486	0.0591508115100892	-0.152200196889497	-0.171746305240765	-0.0297306128489341	-0.304280125749432	0.182097385181329	-0.951955841940337	-0.96594896778157	0	0	0	0	0	0	0	0	0	0	0	0	0	0	0
ENSOCUG00000015145	-0.0712908581423335	1.1439524503482	-0.468820060124709	0.129508824159377	-0.0877597978432858	-0.232360063184536	0.280114930942771	-0.0845387327076379	0.0956475141411852	0.115012674018489	0.2182334920188	0.589374177238104	0.156256018774191	0.400779273814956	1.56321295526762	0	0	0	0	0	0	0	0	0	0	0	0	0	0	0
ENSOCUG00000015163	-0.116848820274917	0.210452624708253	-0.215372871679365	0.0707009236290421	-0.033115512807905	-0.131477479224717	0.269390594668502	-0.0864440333086449	0.0472415674874256	0.215694697647296	0.0629098304102236	1.02327624489217	0.544563970556226	0.859281035955643	0.808958218250347	0	0	0	0	0	0	0	0	0	0	0	0	0	0	0
ENSOCUG00000015214	-0.153947378145666	0.396330550087379	0.0104955348781584	-0.370299450667455	-0.171452464783952	0.05244612722238	0.15211052949063	-0.272449516082137	-0.0521180861129329	-0.312942246498419	-0.320593275941096	-0.382923956256112	-0.46955216161937	0.242062749742823	2.04733000717646	0	0	0	0	0	0	0	0	0	0	0	0	0	0	0
ENSOCUG00000015632	-0.0758777131934121	-0.438354636409322	0.142627923440138	-0.00768787523671755	0.0748356481638437	0.141729059330414	-0.155380172220013	0.139944939930451	-0.110024527552278	-0.127856511720717	-0.101343273081286	-0.587019212447681	0.015898762281628	-0.948073257259368	-0.576760799800457	0	0	0	0	0	0	0	0	0	0	0	0	0	0	0
ENSOCUG00000015851	-0.114757854082253	-0.417740440953617	-0.0614322452282652	-0.0891516056639663	-0.0279124936407964	0.0185619708189773	-0.265732390012132	-0.218935896324164	-0.20543427294457	-0.0218080832210275	0.31711908358127	-0.340378024115267	-0.251318596187692	-1.27648116722681	-0.719736466106021	0	0	0	0	0	0	0	0	0	0	0	0	0	0	0
ENSOCUG00000016287	-3.67745319005004	0.814884118584739	-0.136421529492261	-1.48625152229566	-0.09748549857781	-1.32701625006738	0.193296991790054	-6.41266871792045	-0.887751079266863	-3.18543383538399	-3.06873926165353	-3.00071772186889	-0.33047845191516	-6.06121710860564	-3.51496228162856	0	0	0	0	0	0	0	0	0	0	0	0	0	0	0
ENSOCUG00000016294	-0.192196356719412	-0.0815096785786533	0.0688520221974027	-0.0749537165879914	-0.0992301754309555	0.0891291214669874	0.0649873180673612	-0.022152091665455	-0.0621105777718656	-0.210480636471909	-0.345852270620091	-0.784326200562335	0.119270743344845	-1.30996633785637	-0.341397167417146	0	0	0	0	0	0	0	0	0	0	0	0	0	0	0
ENSOCUG00000016302	-6.35470411343941	2.04181644349202	-1.47032453842883	-2.14977074926193	0.198961248154482	-1.01138854994687	0.112608469814735	-6.36567190260893	-1.27734836262462	-2.8723624923888	-0.566639405105495	-0.960503458691291	-0.623954778181944	0	-0.239322213226091	0	0	0	0	0	0	0	0	0	0	0	0	0	0	0
ENSOCUG00000016382	0.211162586889012	-0.490243340266197	0.121852400059467	-0.0187039607965609	0.0204317769602671	0.217005677888556	-0.0335305841019533	0.143455924807981	0.177639391763382	-0.0407162688203861	0.317280453215623	-0.264569902897671	-0.0872274383495935	-1.47701494528584	-1.66420506093628	0	0	0	0	0	0	0	0	0	0	0	0	0	0	0
ENSOCUG00000016488	0.106335069682588	-0.160089050389131	0.00749567323902944	-0.145613313938104	-0.195616575483985	0.0215785074256036	-0.210914405316808	-0.0256754055853579	-0.264068137489318	-0.175163539880079	-0.0706082088858011	-0.184891728210029	-0.261216693004066	-0.892149746347469	-0.359873226141553	0	0	0	0	0	0	0	0	0	0	0	0	0	0	0
ENSOCUG00000016698	-0.0373079753893588	-0.43348885478859	0.149705221175788	-0.0886778927225436	0.00584036154116596	0.100357867137489	-0.182881845645408	0.145396017727633	0.0587632829838611	-0.0308148245502391	0.0274372667593639	-0.179375434893078	-0.0147539063839206	-0.55565983938739	-1.1091735014441	0	0	0	0	0	0	0	0	0	0	0	0	0	0	0
ENSOCUG00000016764	-0.024439561766187	-0.790455384023515	-0.187080385838237	-0.0812410748672985	0.107035056692157	-0.0534624379607784	-0.42397329869652	0.28284123389861	0.156207780508158	-0.0702162559574635	0.568504680704599	-1.71345832377455	-1.1309110004623	-1.64519439135735	-0.24466807776367	0	0	0	0	0	0	0	0	0	0	0	0	0	0	0
ENSOCUG00000016862	3.42000969003628	2.23278320729059	2.01896480042622	0.585856605965571	0	-0.114692693425239	0.0415575214857945	0	0	-0.0525288583573466	-0.0527948019739925	-0.0183990491524689	0.116685625567634	0	0	0	0	0	0	0	0	0	0	0	0	0	0	0	0	0
ENSOCUG00000016899	-0.645408917406904	-0.440322288771289	0.126080761542248	-0.249212119376368	0.100297872161341	-0.0105658442756247	0.291139895228956	-0.0274085634802397	0.238316708965602	0.111779230916358	-0.0433363451691613	0.55837543634034	-0.0516598139819608	1.18447133250951	1.78923187497589	0	0	0	0	0	0	0	0	0	0	0	0	0	0	0
ENSOCUG00000016938	-0.0441210761451796	-0.160387859693876	-0.007744795914153	0.0248953028815828	-0.340494547374822	0.035290938998342	0.396576000608801	-0.345431087427827	-0.0151833892340134	0.0104721552861466	-0.09512148697705	0.293035444142308	0.0207782344812997	1.30767225718481	1.64377435831409	0	0	0	0	0	0	0	0	0	0	0	0	0	0	0
ENSOCUG00000016985	-0.0854804180854636	-0.108528424565209	0.148562670627613	0.0394914779282267	-0.0339708421965277	0.0244086571789666	0.0599641234762132	-0.0889969063232128	0.0635595914070848	-0.111561022328418	0.00583456645797487	-0.385732406692073	-0.109123364879332	-1.13218049063364	-0.970506434296416	0	0	0	0	0	0	0	0	0	0	0	0	0	0	0
ENSOCUG00000017050	-0.26735391219619	0.0536082878852371	-0.0401720080871701	0.0819612997873733	-0.0210824314162501	0.0611810292541195	0.039980534631094	-0.0166717494837076	-0.194799448078053	-0.0212942367345397	-0.0263361551423911	-0.3704327677507	0.130723805324191	-0.62500337000712	-0.54305852735161	0	0	0	0	0	0	0	0	0	0	0	0	0	0	0
ENSOCUG00000017333	0.00629588947008131	-0.0580433521611941	-0.0325034500750565	0.0815456918399775	0.0573695795976832	0.313562569972593	-0.0932755112935011	0.189618789279966	0.104549618084357	0.0459321348690107	0.143698434751707	-0.41231033894148	-0.0123525739580357	-0.820917071992048	-0.679741670354303	0	0	0	0	0	0	0	0	0	0	0	0	0	0	0
ENSOCUG00000017445	0.0570198912175668	-0.174191503956881	-0.177317900842075	0.00468530837553782	-0.10986171563421	-0.0590211134570193	0.251034193511902	0.0151215096628903	-0.306298499698521	-0.304152006364401	0.220011777040563	-0.361692460913675	0.133261740805475	-1.30065107258551	-0.472375564013287	0	0	0	0	0	0	0	0	0	0	0	0	0	0	0
ENSOCUG00000017667	0.338829749047313	-0.279289258911366	-0.395441984089375	-0.000168018878205167	0.127960766146931	0.0191728910533229	0.233563254288505	-0.0109820072607416	0.131587050861586	0.169044489650114	0.142415993438211	0.412073286549892	-0.209382116056807	2.08172921671179	1.9147286245398	0	0	0	0	0	0	0	0	0	0	0	0	0	0	0
ENSOCUG00000017829	0.185879028875861	0.404514149528352	-0.265501891128859	-0.116688663069309	0.14088929065187	0.23563231449396	0.427049602639658	-0.0308622308877317	-0.0577903859916671	0.440519353875319	0.0842656137841732	0.235869399114231	-0.121580705019171	1.41233774344346	3.07745575698824	0	0	0	0	0	0	0	0	0	0	0	0	0	0	0
ENSOCUG00000017867	0.074711997778719	-0.421903008804867	0.0833444838728941	-0.239487639184608	0.105979361166476	-0.0636163633676539	0.398957959838263	0.140846939660955	0.314920732347723	0.643161721115085	-0.15597754787251	1.90040995905647	-0.412252970254342	2.52150853942601	0.999825296527569	0	0	0	0	0	0	0	0	0	0	0	0	0	0	0
ENSOCUG00000017871	0.246323575470717	-0.658262919823249	-0.0206784869640586	0.0227547374079222	-0.039495280707353	0.0196919819865418	-0.0478513124211624	-0.0284647442921226	-0.150458359294847	-0.0230140614219589	0.256978205060108	-0.809005287594189	0.0794949943815801	-1.37879161697676	-0.577565734522079	0	0	0	0	0	0	0	0	0	0	0	0	0	0	0
ENSOCUG00000017938	-0.203929941262484	0.0348709190456571	-0.0850652255816273	0.0239297755459837	-0.0921033092731252	0.322544496697483	0.682678012187226	-0.452405761619096	0.19671752063282	0.202240027900489	-0.112803049953847	0.532190720328678	0.442334343011856	0.743819585598003	1.8006704366158	0	0	0	0	0	0	0	0	0	0	0	0	0	0	0
ENSOCUG00000019599	0.197524529224362	-0.398816540628892	0.0814866855893008	-0.313791038643075	0.227125716695489	-0.0590703372037148	0.296224264648942	0.0977897157656615	0.600304131041095	0.384674095257906	0.25686168010432	0.126474004062879	0.410190857649233	0.80224868748543	1.21943831809065	0	0	0	0	0	0	0	0	0	0	0	0	0	0	0
ENSOCUG00000020893	-1.55273425111936	0.334729923979	-0.182777868821189	-0.302801432842623	-0.0954059996118637	-0.359678103208157	-0.0364373475847789	-1.63636272690743	-0.154914664544393	-0.171504835742463	-0.232161658087552	-0.499766562627978	0.116685625567634	-0.193781271531623	-0.168021226545361	0	0	0	0	0	0	0	0	0	0	0	0	0	0	0
ENSOCUG00000020983	-2.46172972538799	0.190991979541575	-0.135046097244805	-0.139070191175476	-0.119560310017133	-0.314867552028521	0.217232114582882	-2.05437214755351	0.00664041401433076	-0.605281568852098	-0.232161658087552	-0.40380600439579	0.0374561585124985	-0.57752656259064	0.0826312785700742	0	0	0	0	0	0	0	0	0	0	0	0	0	0	0
ENSOCUG00000021100	-0.0339549049325072	-0.474490792229153	-0.0954646193503796	0.0957587509842508	0.0280771713971415	-0.0138045180019732	-0.0713869764635993	0.151447848492672	-0.197700966043564	-0.130398919355033	0.116414024622383	-0.522557466956702	0.283833711192154	-0.498218593813352	-0.907158632598051	0	0	0	0	0	0	0	0	0	0	0	0	0	0	0
ENSOCUG00000021115	-0.0460786638794763	-0.183470820518035	0.280813798310036	0.198254038753981	0.0155622913791258	-0.0785254928967456	-0.243430235555359	0.108427895973494	-0.0692177326756598	0.0889737345311077	-0.460504986805905	-0.340471397253509	-0.501484750285863	-2.90186136066246	-1.54978358930906	0	0	0	0	0	0	0	0	0	0	0	0	0	0	0
ENSOCUG00000021137	-0.842927445275471	0.767227073162372	-1.01401444387021	-0.0192098119612627	-0.403027769542647	0.238358495045152	0.150509462682851	-0.415020025934246	-0.414879802379664	-0.248407779693633	0.438980765940091	0.896839551604712	-0.97886949244518	1.64020147298347	3.33658266012991	0	0	0	0	0	0	0	0	0	0	0	0	0	0	0
ENSOCUG00000021270	-0.0363725840093347	-0.0835138128514603	-0.543350443755103	-0.0996539497683191	0.218272717778757	0.0782838046991983	0.18021496254422	0.182459646142189	-0.343688014422549	-0.317091600734953	0.269882642840227	0.851082353194925	0.0983947737989959	1.14619853419021	1.70117057535805	0	0	0	0	0	0	0	0	0	0	0	0	0	0	0
ENSOCUG00000021330	0.169931696525973	1.16056120013843	-0.38992446576034	0.25257299115012	-0.12484837460014	0.324886277233964	-0.136235199355178	0.0842776530806075	-0.0741328435193047	0.323972654725232	0.415465101053611	1.13792729171944	0.670573828708949	0.268060318332422	0.962525811513744	0	0	0	0	0	0	0	0	0	0	0	0	0	0	0
ENSOCUG00000022182	0.0120575643037064	0.816695282642411	-0.0899097074015591	-0.00980466867726282	-0.24753249780908	0.134422565811724	0.217023940237692	-0.153443607005293	-0.0978252928631695	-0.228650634033549	0.252635413987226	0.541125112811113	0.173857863131006	0.453547009853379	1.22267643271947	0	0	0	0	0	0	0	0	0	0	0	0	0	0	0
ENSOCUG00000022202	-0.668277146733243	-0.377814360760257	0.277249107652752	-0.0824811629164124	0.00720705288002765	0.258592547371231	-0.157276832328251	-0.0273937561058268	-0.667683246047587	-0.323598109762935	0.183237461975992	-1.3748024694582	-0.246017419878942	-0.515432087520165	-0.897135581025178	0	0	0	0	0	0	0	0	0	0	0	0	0	0	0
ENSOCUG00000022206	0.296066402970855	0.416134193868198	-0.0486394263429171	0.452499422516555	-0.0894374789924903	0.137876549819006	0.0959571237898542	0.0279505452776938	-0.149060264164262	-0.148619507588548	-0.221417394881936	0.731302755049031	0.542943789677869	0.777267127113435	0.417395422637534	0	0	0	0	0	0	0	0	0	0	0	0	0	0	0
ENSOCUG00000022337	-0.0569842839282799	-0.247330177782668	0.0173181461215011	-0.0196504145384031	-0.140545643752352	0.176140001832695	0.0174528773571403	0.225469367138079	-0.244476271129944	-0.142616719725283	0.0189994409591874	-0.548501977813887	0.0511618383926926	-1.13815669308781	-0.7777157441811	0	0	0	0	0	0	0	0	0	0	0	0	0	0	0
ENSOCUG00000023006	0.193516949036621	0.269551649014928	-0.220473001049174	0.0958745679064572	-0.160206204943059	-0.0306511575061963	0.150644085759144	-0.118141312216959	0.244975205167068	-0.115992620507091	-0.0812477429978307	-0.00381426136003205	0.346488016981793	1.408778520204	0.854089180692614	0	0	0	0	0	0	0	0	0	0	0	0	0	0	0
ENSOCUG00000023188	-2.11930944308434	-0.0704691700478988	0.11784986002331	-0.209561144828376	-0.140728462681011	-0.0104504492551412	0.00295087055392737	0.0205487779844325	0.0407400490170775	0.191644664775052	-0.182869244557395	0.0857743132521255	0.140804334892138	0.35004778169466	0.124031428308525	0	0	0	0	0	0	0	0	0	0	0	0	0	0	0
ENSOCUG00000023955	-0.306290600555736	0.385420881673911	-0.74963238972937	0.376693007047755	-0.24259970762812	-0.089070720259175	0.440297307187313	0.162937462244411	0.190804750950034	-0.0584305059702064	0.182567749319551	0.827381514542962	0.341416419839796	0.999119545060626	1.36510978896687	0	0	0	0	0	0	0	0	0	0	0	0	0	0	0
ENSOCUG00000024137	-0.0143584343624088	-0.35435604294943	-0.090604211066216	0.153559039987856	-0.00722618681827214	-0.170640602951538	-0.174284916052915	-0.538462161412966	-0.191431042043747	-0.374455432469306	0.0222834481545231	-0.819705320171964	0.347832278521606	-1.41312661294046	-0.75486938375323	0	0	0	0	0	0	0	0	0	0	0	0	0	0	0
ENSOCUG00000024188	0.101062771526511	0.36396406573021	-0.239938225781147	0.0116330094170376	-0.110469817836026	-0.100519516823369	0.243322507632353	0.00513223615137637	-0.177801297000458	0.0195388354069017	0.0988871044273285	0.68499574792431	0.398678366299766	1.49959756943485	1.27003111674758	0	0	0	0	0	0	0	0	0	0	0	0	0	0	0
ENSOCUG00000024530	-1.5126178608331	0.0753878369818739	-0.0410474541887219	-0.12902250202617	-0.13983580875899	-0.075392855920795	-0.00413287282604569	-0.857705749576278	0.0620583368325304	0.00283529391703349	-0.101987719066752	-0.201122181642777	-0.137100913968971	-1.52962420936788	-0.156690934656017	0	0	0	0	0	0	0	0	0	0	0	0	0	0	0
ENSOCUG00000024804	-0.0854453300957321	0.373968664679631	-0.537186557340886	0.075163371687101	-0.257055404357871	0.0888797011011908	0.242721545249028	0.189687263742316	0.0850137346585447	0.0260788868322495	0.14766766684907	0.938676343659949	0.403112062859417	0.616967829986237	1.49137111449086	0	0	0	0	0	0	0	0	0	0	0	0	0	0	0
ENSOCUG00000024991	0.16323048482016	-0.329025934793173	0.0247345929512066	-0.0769160767903201	0.233130059650448	0.327207594795205	-0.154937371961525	-0.00354976354211578	0.297957527100939	1.04357999570933	-0.0717558873324906	0.487808816876672	0.40656493650059	1.08580528086737	0.264524134948471	0	0	0	0	0	0	0	0	0	0	0	0	0	0	0
ENSOCUG00000025221	0.110338320659404	-0.38664727370203	0.035099728674207	-0.0415373495371423	-0.143943710781731	0.166847248198435	-0.0124509840573293	-0.0246743179017725	-0.0285945330129689	-0.194248042334433	-0.0863784183461664	-0.326899722023398	0.159060831814434	-0.890754512827014	-0.68074199377497	0	0	0	0	0	0	0	0	0	0	0	0	0	0	0
ENSOCUG00000025772	0.0673880813787902	0.22598904755894	-0.109817344188996	-0.184731928885746	-0.148499954993388	-0.227076308005365	0.326975003487262	0.0669891859567917	0.112315945314733	0.255552484950711	0.13622490032219	0.321134670828212	0.255832678624785	1.06293616435007	1.17676412017921	0	0	0	0	0	0	0	0	0	0	0	0	0	0	0
ENSOCUG00000025889	-0.0522767328781146	-0.524127813499244	0.164793444375188	-0.0615119991557664	0.0870546299879731	0.182124118150901	-0.0899243157557992	0.374547531567593	0.0692704829748347	0.00717415997172743	-0.0785182154272874	-0.756725485408626	-0.267451540027842	-0.40885148685911	-1.10011143400165	0	0	0	0	0	0	0	0	0	0	0	0	0	0	0
ENSOCUG00000026081	-0.243737811680468	-0.166585605710454	0.143261473335847	-0.122905536903726	-0.0141605351664893	0.0888988799017341	-0.0227493634173284	0.113086083903424	0.0335358128529304	-0.142372105501884	-0.150700015272534	0.240569480967389	0.221424618476656	-0.560757002573188	-1.25755753640362	0	0	0	0	0	0	0	0	0	0	0	0	0	0	0
ENSOCUG00000026257	-3.47492726877432	-0.0289712258591038	-0.31182172439888	-0.389979711563642	-0.127104983212562	-0.338038936872086	-0.0218353102391844	-1.93502168785558	-0.289541748423661	-0.370808470917338	-0.0731986636489239	-0.155605074487077	0.116685625567634	-0.927918507772369	-0.460093949972902	0	0	0	0	0	0	0	0	0	0	0	0	0	0	0
ENSOCUG00000026358	0.494898239556056	2.59434152270291	0.485709578923287	0.124938594385451	-0.317257128393145	0.0319002226896983	0.227522641558404	0.441149708180042	0.30965867292187	0.164335813314437	0.37074435853546	0.580340547204891	0.469065222064325	0.0769343462206835	0.963145172501743	0	0	0	0	0	0	0	0	0	0	0	0	0	0	0
ENSOCUG00000027070	0.128820703228244	0.395761246883265	-0.41279785478262	-0.0108715301129454	-0.187260977089615	-0.0950671625266493	0.292001492532721	-0.0487454260764126	-0.158768924315327	-0.0611319435747646	0.0357519656946153	0.495849989847012	0.367139467259744	1.08688675059176	1.43299998800886	0	0	0	0	0	0	0	0	0	0	0	0	0	0	0
ENSOCUG00000027592	0.255739113264023	-0.308319424762051	-0.352011545608534	0.0508569649022856	0.0170439329305294	-0.0863999755530518	-0.0461815849251908	0.139288629325877	-0.42771203829282	-0.135563776270423	0.0635910750258581	-0.777811575322894	-0.210456912046422	-1.20932266776916	-0.74707884786567	0	0	0	0	0	0	0	0	0	0	0	0	0	0	0
ENSOCUG00000027685	-1.91602234931848	-0.0437842796693571	-0.136284014365822	-0.688526118102099	-0.00550411402843221	0.0448964827712979	0.185322874539791	-0.290085999803761	-0.695360354554966	-0.458434526127778	-0.167103180555862	0.722310115939701	1.61966099960975	2.01378528241553	1.15045412763194	0	0	0	0	0	0	0	0	0	0	0	0	0	0	0
ENSOCUG00000027746	0.000699255955408873	-0.417549255040167	0.191108235138358	-0.0344359796505795	-0.0489452714568541	0.0159606131230872	-0.0456899052645117	0.199339276594237	-0.186342497752506	0.0305538364213183	-0.00939679378348668	-0.441096333059505	-0.17965216548562	-0.927593221019785	-0.854247034115316	0	0	0	0	0	0	0	0	0	0	0	0	0	0	0
ENSOCUG00000027759	-0.0943097750479645	-0.11622258560731	-0.291243795470033	0.00973798594733388	-0.0985262650193581	-0.0431663365203985	0.246176030260782	-0.0901233351486272	0.0163993581449047	-0.0217535412115835	-0.187135724098109	0.872699589979747	1.21157906288275	0.634749413949963	1.25001895323113	0	0	0	0	0	0	0	0	0	0	0	0	0	0	0
ENSOCUG00000029161	-0.101297470313744	-0.458264995888138	0.299652706262286	-0.141453301871447	0.152709895229233	0.0595716987443682	-0.205107577679086	0.0042980683318552	-0.0390654116159039	0.0309873810551613	0.0629835385678863	-0.160821823372957	0.0877729995501992	-0.376812810936317	-0.901874262118211	0	0	0	0	0	0	0	0	0	0	0	0	0	0	0
ENSOCUG00000029514	0.144958158535583	0.812879657026756	-0.22082308833914	0.143345760567567	-0.0798125224034454	0.0281352435887356	0.0531687855190315	0.120754933436705	0.0523873347080999	0.0499805266618871	0.232706916651288	0.76283317909404	0.527099545318546	0.547359605702727	0.509277459575731	0	0	0	0	0	0	0	0	0	0	0	0	0	0	0
XLOC_042762	-9.34283281158717	-8.79693380587738	-9.82599712543039	-10.4459341728554	-9.65570024966954	-9.96105268836932	-9.94985688339208	-8.77232526796244	-7.11149069255796	-9.20462381128641	-9.3031689585922	-9.13660309351836	-9.31774559202965	-7.02704173113543	-8.03899030395272	0	0	0	0	0	0	0	0	0	0	0	0	0	0	0
XLOC_042763	-7.0777075176059	-7.16873103683057	-7.92148497131334	-8.12316803603372	-7.78790077982695	-7.9002704394883	-7.96707940042554	-7.48637908417081	-6.86205213663325	-8.07188950795151	-7.45451365162604	-7.57389340131104	-7.73100968372902	-6.67725548911151	-6.42235684593459	0	0	0	0	0	0	0	0	0	0	0	0	0	0	0
