-9	-8	-7	-6	-5	-4	-3	-2	-1	0	1	2	3	4	5	V1	V2	V3	V4	V5	V6	V7	V8	V9	V10	V11	V12	V13	V14	V15
ENSRNOG00000000604	-0.0946934900401422	-0.219725792621725	-0.101015063159979	-0.00804487449053504	-0.133117109972083	-0.0410893825496048	0.0494729710415385	-0.0448043815384498	0.157629528072239	-0.213294073011383	0.0505608198947716	-0.109384640211767	-0.0161432407994742	0.794979736604591	0.988303577059535	0	0	0	0	0	0	0	0	0	0	0	0	0	0	0
ENSRNOG00000000969	0	0.0809296103933241	0.0690369500053383	-0.243914892153245	0.00590775093985127	0.143165411817775	0.0225641255795751	-0.335692159225267	-0.469362639764429	-0.108168955714347	0.553142287813023	0.279718988388621	-0.0608236558997941	1.61081098230147	5.01237156173582	0	0	0	0	0	0	0	0	0	0	0	0	0	0	0
ENSRNOG00000001115	-0.848171579572499	-0.296153595705487	-0.420868177751273	0.228173463035086	0.00355387145039054	-0.0105004316152469	0.21521290852671	-0.200704557706279	0.195964337074384	-0.138624635819056	0.650051621966827	0.032596607609587	0.120806685548663	0.684145172671501	2.20359903999741	0	0	0	0	0	0	0	0	0	0	0	0	0	0	0
ENSRNOG00000001259	-0.372899566812669	0.0720628860407335	-0.420309945902662	-0.268098935249843	0.378227731403592	-0.335249509452986	-0.177384263599477	0.325119597383779	-0.220366351729171	0.541645087948194	0.31884775640607	-0.0232374092754952	-0.183974503209127	-2.69094994387917	-5.39259268074376	0	0	0	0	0	0	0	0	0	0	0	0	0	0	0
ENSRNOG00000001351	-0.409309330979923	-0.05166208528901	-0.0733967521465724	-0.142138782212964	-0.152966796374648	-0.0331116992758655	-0.174028148694061	0.0509723498423664	0.0378558108335083	-0.307913211534913	0.320510326846974	-0.0591094820081848	-0.154289730309406	-0.38141781440302	-1.24404963446308	0	0	0	0	0	0	0	0	0	0	0	0	0	0	0
ENSRNOG00000001830	-0.0666957974854696	-0.0368881660806518	-0.0277838704850125	-0.0605497188579262	0.031661543687948	0.0566693861756597	0.0528979427835453	0.0339629437509785	0.0513380016855806	-0.0905830275062877	0.0833445845984539	-0.118883274397415	0.0726574840629222	1.31138428966555	2.58680434843127	0	0	0	0	0	0	0	0	0	0	0	0	0	0	0
ENSRNOG00000001957	-0.0179535296514412	0	-0.0322543175457798	-0.658103974663582	0.0476185686887991	0.337879353987526	-0.0704911950781064	-0.0472630774277486	-0.0576740404544788	0.276400685059029	-0.260628443503304	-0.22383865613209	-0.223954222251501	9.24396125196031	11.7718866901709	0	0	0	0	0	0	0	0	0	0	0	0	0	0	0
ENSRNOG00000002149	-2.09787779946559	-2.28528632139292	-0.534143777011326	-0.122676194104	-0.675248383485606	0	0.0316039091446758	0.0339629437509785	-0.0467422710651812	0	-0.0610652325726843	0	0	0	-0.0835353385208029	0	0	0	0	0	0	0	0	0	0	0	0	0	0	0
ENSRNOG00000002501	1.94639721910019	1.67629509641981	2.33039986028861	2.92840749784606	2.76769425441255	3.06734201867101	3.15563063925408	3.4193991077689	2.82193318833416	2.95371599140214	3.35553458995369	2.94151594736331	3.8872046800364	2.52624092373194	2.81913098829495	0	0	0	0	0	0	0	0	0	0	0	0	0	0	0
ENSRNOG00000002553	0.0451755509828704	0.119345309860906	0.0804159041963741	0.0311153709720742	0.135434800251558	-0.163110725165604	-0.0107724384327152	-0.0428870994266468	0.228914387430788	0.275557853913606	0.00835159638969163	0.0391922901884394	0.102663007244129	0.944468826111171	1.21873868443429	0	0	0	0	0	0	0	0	0	0	0	0	0	0	0
ENSRNOG00000002618	0.00219775798151112	-0.258759274476502	-0.0252393861343823	-0.0612009705769267	-0.116180033640723	0.0610846873010482	-0.454778236017019	-0.0423587549899125	-0.143158453629296	-0.158573551670946	0.157686964799211	-0.0791940780991744	0.1313539998363	0.521024190939571	0.752544366842756	0	0	0	0	0	0	0	0	0	0	0	0	0	0	0
ENSRNOG00000002662	-0.446214855612893	-0.864963470678177	-0.615261712938314	-0.627369622884758	-0.684068795053592	-0.581971199736298	-0.839399738275605	-0.721312296347304	-0.399340251157772	-0.510882788768322	-0.568729924807537	-0.437726636230947	-0.749900551021873	-0.264084668425593	-0.542542987937908	0	0	0	0	0	0	0	0	0	0	0	0	0	0	0
ENSRNOG00000002922	-0.395223717340178	0.134423491631675	0.00801019615180687	-0.141846201807917	-0.339924970391858	0.169036745342692	-0.0451979380424692	0.378422215471959	0.251941361776484	-0.801584686567459	0.287695184563401	0.444213640507584	0.406402017748015	1.24388410174274	2.68184749533875	0	0	0	0	0	0	0	0	0	0	0	0	0	0	0
ENSRNOG00000003098	-0.506507114559821	-0.583392070996455	-0.278821508441256	-0.185159276790003	0.0201346744350381	-0.309397196692948	-0.541606736254564	-0.467776847175954	-0.338348788494015	-0.485607156542266	0.0583779057967853	-0.212951198191123	-0.365249356088767	-1.59772561529123	-3.62194600367821	0	0	0	0	0	0	0	0	0	0	0	0	0	0	0
ENSRNOG00000003576	-0.091087128339872	-0.119798921854046	-0.016504464055334	-0.0647394128219112	-0.0805255814037231	-0.0972474674049932	0.101562816763122	0.0188872530468256	-0.446026486432133	-0.363914799274472	-0.305931667893694	-0.259890496125401	-0.126982929311331	-0.387304222249507	-0.596820114228282	0	0	0	0	0	0	0	0	0	0	0	0	0	0	0
ENSRNOG00000003635	-0.050394079096483	-0.0886122681791761	-0.150062699302625	-0.241619396068649	-0.231391118734941	-0.100686392793165	0.0911850233321099	-0.246405935464232	-0.525184438064193	-0.187541247188889	0.149221983432345	0.362864634413626	-0.125047593169174	-1.01381675472012	-1.7879499990488	0	0	0	0	0	0	0	0	0	0	0	0	0	0	0
ENSRNOG00000003749	0.611389245387318	0.407354253112631	0.530896557687969	0.0035014468328658	0.121351936698512	-0.0535413620889233	0.38443103911518	0.0626469951108861	-0.136722831492193	0.216099723667219	-0.782304300442501	-0.184210246634933	0.30495811701976	0.74955007128134	2.05269699893363	0	0	0	0	0	0	0	0	0	0	0	0	0	0	0
ENSRNOG00000003792	0.412278099715794	0.100348173404035	0.330753360898574	0.448458242016786	0.429816774451387	0.397769368293416	0.910728192674119	1.02745677395476	0.344733471083725	0.274350105803947	0.434356662083728	0.250490777963607	0.404403179338417	-0.100450051993704	0.27837305696651	0	0	0	0	0	0	0	0	0	0	0	0	0	0	0
ENSRNOG00000004036	-0.287959451729174	-0.0492878633678746	-0.0663980483813473	-0.00235607622415657	-0.0292330157105303	0.0601408288398417	0.0246921118385748	-0.0508656099863209	0.211840164862434	-0.0159364348145177	0.0658528149293138	-0.0985766957455976	-0.134811358981215	-0.527032184103995	-1.19739514219017	0	0	0	0	0	0	0	0	0	0	0	0	0	0	0
ENSRNOG00000004089	0.158572924872355	-0.135115191701106	0.025781841299235	-0.297118809378693	-0.00652850128496851	-0.13918275446535	0.134329634527255	-0.370092233731981	-0.120612777369446	0.858545769238312	-0.129245170266691	0.123724832439249	0.107781671656291	1.04096812319033	2.2427802770414	0	0	0	0	0	0	0	0	0	0	0	0	0	0	0
ENSRNOG00000004171	-0.164558618404492	0.0257654676708841	-0.0693495863762963	-0.160560145344657	0.0603077443372358	-0.040133784663725	-0.124290740919414	-0.0891148202247607	-0.300164357808212	0.013545359585423	0.05301732889382	0.123940585402593	-0.199711891744131	1.34679409874485	4.18915056670395	0	0	0	0	0	0	0	0	0	0	0	0	0	0	0
ENSRNOG00000004289	-0.20598624107446	-0.396025284588128	-0.238163976800111	-0.453853069203338	-0.560099953577601	-0.64796622245834	-0.556637408618585	-0.293865567088329	-0.932578775128857	-1.12029103401168	-0.745153899992909	-0.53406488292937	-0.345011453648861	-0.987405466451123	-0.769923943413171	0	0	0	0	0	0	0	0	0	0	0	0	0	0	0
ENSRNOG00000004294	-1.05508283165887	-0.556378017515057	-0.714317749022749	0.150827615348729	-0.486187682497473	0.0549179417371407	-0.107731661698314	0	0.1061635436537	-0.696469330070616	0.0417914362967472	0.740917682807719	-0.224446300634159	-5.27290207423675	-7.96237798532994	0	0	0	0	0	0	0	0	0	0	0	0	0	0	0
ENSRNOG00000004588	-0.109232075242025	-0.070701953900965	-0.0842988664788953	-0.0438229127867409	-0.170942537039505	0.00450132851642238	-0.2225903028879	-0.0100714231445913	-0.293523096491844	-0.128226047703508	-0.24011146930724	-0.0228046655181267	-0.225642681745226	-0.532219732819117	-0.66515299100666	0	0	0	0	0	0	0	0	0	0	0	0	0	0	0
ENSRNOG00000004692	0.00176327406241074	0.0519007022519251	-0.0322543175457798	-0.532004952135411	0.0967658113142279	1.07581753257971	-0.00145703264794379	-0.152740608206449	0.335084599679242	-0.303959600352745	0.378548777505064	0.94385664344334	0.340302558306504	-6.01914531253531	-10.7030245758958	0	0	0	0	0	0	0	0	0	0	0	0	0	0	0
ENSRNOG00000004821	0.0205982856463329	0.216287054730948	-0.102236816355865	-0.0374190290017808	0.0954089189807794	-0.515952542495925	0.254050336251129	-0.170888852574746	-0.723482427129738	-0.396173155498858	0.0965792078252639	0.331941620381624	0.365221387663175	-2.02815693026686	-2.70004109706999	0	0	0	0	0	0	0	0	0	0	0	0	0	0	0
ENSRNOG00000004869	-0.989241573874746	-0.675458630263533	-0.437626343459629	-0.119143195004943	-0.263390220451012	-0.0903628692832957	-0.179811765960932	-0.0256940534171904	-0.100096399525902	-0.0218584244324329	0.189823199190453	0	-0.0571664285773267	0	0	0	0	0	0	0	0	0	0	0	0	0	0	0	0	0
ENSRNOG00000005471	-0.123663732848429	0.0103015322881061	0	-0.0645666976623726	0.00355415148167969	0	0	0	0	-0.0602217621478147	-0.0712787250103289	0.071301436663161	0.145792284571413	-0.825264690789947	-1.11365054680398	0	0	0	0	0	0	0	0	0	0	0	0	0	0	0
ENSRNOG00000005861	-0.0262495058498778	-0.231892982043589	-0.265978905800797	-0.696906154579059	-0.0377420195889395	-0.299409702398761	0.074691204130886	-0.0216052007762206	-0.0461432267998614	0.419653139834605	-0.214196065869471	0.117847756317532	0.0375599541059231	1.40030695221099	4.07556626278436	0	0	0	0	0	0	0	0	0	0	0	0	0	0	0
ENSRNOG00000006186	-0.462941865089515	-0.48332922632321	-0.372650506348915	-0.514821616792416	-0.503467776243818	-0.59820715163092	-0.778858401688122	-0.45234567362913	-0.570153965435608	-0.697498560529231	-0.389744793620021	-0.409208808010377	-0.258221358795646	-0.214903157240691	-0.355429417822187	0	0	0	0	0	0	0	0	0	0	0	0	0	0	0
ENSRNOG00000007419	-0.202215652197788	-0.259094143967851	0.0384096954581068	0.198490378007785	-0.12503812988149	-0.119004754272034	-0.243137711690412	-0.0465146580588573	-0.742770945127356	-0.643437647191758	-0.180945270184084	-0.115903843637366	0.19128191772287	-0.799133540626825	-0.355329718778445	0	0	0	0	0	0	0	0	0	0	0	0	0	0	0
ENSRNOG00000007426	0.0797499209943839	0.355435623760376	-0.295837084645633	-0.131179025939945	0.234683327379141	-0.116045292809446	-0.104688706797555	0.0350648899451813	-0.241073799806284	1.03301545255463	0.29347092884105	-0.293694951158843	0.223721136981244	-0.914400172821952	-2.58336161226532	0	0	0	0	0	0	0	0	0	0	0	0	0	0	0
ENSRNOG00000007508	-0.092995012292436	0.0492315129073395	0.0664032889590228	-0.114788674911843	-0.0808337671899779	0.0078893900331265	0.0237548541364143	0.000800899149276141	0.0985920059847089	0.187313296407141	0.632181109499451	0.0749079594084659	-0.109081877133677	0.988278485575965	5.8161787505007	0	0	0	0	0	0	0	0	0	0	0	0	0	0	0
ENSRNOG00000007585	-1.54159554780013	-0.963963711703938	-0.211322045873351	-0.0645666976623726	-0.229263304459352	0	-0.402948294500877	0	0	0	0.0417914362967472	0	0.129823912640249	0	0	0	0	0	0	0	0	0	0	0	0	0	0	0	0	0
ENSRNOG00000007947	-0.159529115591437	-0.0835098077135052	0.0626274014980961	0.00625867998946861	-0.195119942326595	-0.379410312048594	0.389622472056815	0.0722554620790783	-0.731231853113537	-0.530557604609484	0.124124065095061	0.184354330703855	0.0706061448211948	-1.34488438058688	-1.25678658108107	0	0	0	0	0	0	0	0	0	0	0	0	0	0	0
ENSRNOG00000008050	0.11985060885164	0.276420666996372	0.415823605752989	-0.250447148885794	0.0778039683788019	-0.02431002209019	-0.0796726736318301	0.187190969398339	0.0828312449553894	-0.159857095312038	1.81948314011442	0.133988561709899	-0.216195301880256	3.60013233571182	4.18921045920707	0	0	0	0	0	0	0	0	0	0	0	0	0	0	0
ENSRNOG00000008051	0.0302220949239356	-0.0657017257987711	-0.307713196028138	-0.101041374776008	-0.437968839914191	-0.326314912799801	-0.0941308061875605	0.0150514905264458	-0.152903537584418	0.000927968182351968	0.377670621578794	-0.25817600017434	-0.240824161064674	-0.426540282716728	-0.893586328800451	0	0	0	0	0	0	0	0	0	0	0	0	0	0	0
ENSRNOG00000008054	-1.17031311489121	-0.516798518346635	-0.890219125711692	-0.0751927170431239	-1.23090712508524	0.0454903346972968	-0.878475766888732	0.165419948601626	-0.107758938868416	0.15586140377705	0.877658148170923	0.00617551183005638	0.283737558699182	-1.36082689180206	-2.51240673153899	0	0	0	0	0	0	0	0	0	0	0	0	0	0	0
ENSRNOG00000008178	-0.448227906853409	0.0344270699481566	-0.304563055952018	-0.174166732704333	-0.291464480989722	-0.302255459847764	-0.163108761792382	-0.29849425419874	-0.180818927550559	0.245048921908084	0.132414683205273	0.0426068072167864	-0.206456274683765	-0.186951945902816	-0.990968929177864	0	0	0	0	0	0	0	0	0	0	0	0	0	0	0
ENSRNOG00000008440	-0.592731035112827	-0.191079637658924	-0.364734346144796	-0.0205244868450731	-0.340600424565757	-0.143480398698361	-0.0347830588878961	0.163313875209068	0.114947283125622	-0.338094501571252	0.448351929861322	-0.00107624510477811	-0.534559124547634	-0.689177656318209	-1.50611216328723	0	0	0	0	0	0	0	0	0	0	0	0	0	0	0
ENSRNOG00000008570	-0.251774190021941	-0.382088440374107	-0.213609148940006	-0.150002146736457	-0.267923156321823	-0.248577586165764	0.0473637219166863	0.100910313119876	-0.261488437965621	-0.761673313248269	-0.210256464485149	-0.0871759465053828	0.282225541153438	-1.16534685131315	-4.20349797934109	0	0	0	0	0	0	0	0	0	0	0	0	0	0	0
ENSRNOG00000008937	-0.0316287742025265	0.132201828084413	-0.0526397467734565	-0.111261756193705	-0.236362449102672	0.128054609944541	0.00456771386829935	0.140991973715019	0.141268080521714	-0.106271354809957	0.279352670042201	0.1118544565819	0.0721874691746791	0.682368856492742	1.48128970727548	0	0	0	0	0	0	0	0	0	0	0	0	0	0	0
ENSRNOG00000009074	0.0670310245354448	-0.01181735124978	0.0435742456008103	0.0434886812835235	-0.310248780470037	-0.235497135314901	-0.0154328815521184	-0.0514225241008024	0.315511271161465	-0.0239460404595424	0.250534736417573	0.123717122847524	-0.17685268951391	-1.050016520786	-2.35268479911465	0	0	0	0	0	0	0	0	0	0	0	0	0	0	0
ENSRNOG00000009273	0	0	0	-0.409515063736687	0.0281073922062683	0.757677535050506	0	0	0	0	0	0	0	7.98444896826347	12.0339573121256	0	0	0	0	0	0	0	0	0	0	0	0	0	0	0
ENSRNOG00000009730	-0.286678640151925	-0.243029828657064	0.0777971592162676	-0.206395424459651	-0.123300852113688	-0.314495077144334	-0.0411979773126561	-0.156626282814584	-0.196626878320876	-0.0106939735639813	-0.209318837891006	0.116187216065277	-0.133204611989865	0.144385370409327	2.46649373997756	0	0	0	0	0	0	0	0	0	0	0	0	0	0	0
ENSRNOG00000010079	0.162112908194234	0.13985762013301	0.357655118712534	-0.497846002054012	-0.272783423570984	-0.459479773560834	0.880078245743588	2.25923399481925	0.419776473684425	0.747101445224365	2.37898793581203	-0.599458760332693	-0.161497086271799	2.53260360667719	3.63908950521202	0	0	0	0	0	0	0	0	0	0	0	0	0	0	0
ENSRNOG00000010238	0.165282523159206	-0.436124561074453	-0.24802029530467	0.104555595848964	-0.0358308989662841	-0.15805949100635	-0.175192398573686	0.674209788410947	0.178554947841736	-0.791125381150206	0.274234472433344	-0.0543423650068915	0.123608007703168	-1.03116010302304	-2.96138962160284	0	0	0	0	0	0	0	0	0	0	0	0	0	0	0
ENSRNOG00000010291	-0.02279093521713	0.269889141927009	0.104400443267729	-0.169426385935026	0.0599441748471632	-0.230634974548563	0.341285450685352	-0.0309890091467793	-0.0110115228884013	0.91137967478707	0.113077054378024	0.0630622331440724	-0.035016961238246	0.783638815668843	0.66786357948072	0	0	0	0	0	0	0	0	0	0	0	0	0	0	0
ENSRNOG00000010463	-0.470896348998834	-0.154427849295265	-0.0836745524217646	-0.033028198786721	-0.146120201606463	0.0518780877922187	0.122571726550772	-0.0452244756033775	0.0494921294989595	-1.03024051017702	0.501819991864972	0.142809127986286	-0.467166709339676	-1.56568677799477	-3.25511625391096	0	0	0	0	0	0	0	0	0	0	0	0	0	0	0
ENSRNOG00000010634	-0.414833514815458	0.347590913176225	0.465287616099493	-0.296628574008621	-0.36742020165448	0.145190109998773	-0.235656323140692	-0.167885836707396	-0.572449186648014	-0.0236051561348503	-0.156376463406146	-0.214505181406867	0.0224353219410931	-1.63314876067199	-1.74605926440027	0	0	0	0	0	0	0	0	0	0	0	0	0	0	0
ENSRNOG00000010725	-0.076967500331159	-0.457854281899948	-1.29645873080453	0.366210725074566	-1.55587625396063	-0.346687453370346	-0.107700980613761	-0.177894965817955	0.122446580831988	-0.0782113099989015	0.57165111159891	-0.122367728626747	0.331894160834744	-1.60691179497973	-7.88248479734228	0	0	0	0	0	0	0	0	0	0	0	0	0	0	0
ENSRNOG00000010859	-0.257497303470984	-0.177081956904615	-0.105092854432659	0.0405164590640332	-0.294056125853899	-0.369746313515777	-0.242072506351113	0.00751144864178332	-0.729573268717201	-0.313868815791534	0.144189045652491	0.0182147825755052	-0.102837044334351	-1.02241862118381	-0.183139872569867	0	0	0	0	0	0	0	0	0	0	0	0	0	0	0
ENSRNOG00000010922	-0.317425573825075	-0.0206861688944908	-0.0379983734750251	-0.0164163431928639	0.0235569079485467	-0.0520849359647695	0.203868564076347	-0.106113878028071	0.0182293802325706	-0.0434658935933872	-0.168315750392701	0.136979730219872	-0.0266077512276688	-0.612511033306082	-1.52665373467077	0	0	0	0	0	0	0	0	0	0	0	0	0	0	0
ENSRNOG00000011139	-1.02199745281396	-1.21411928163646	-0.621665189117851	-0.260805683708254	-0.0855897556987397	-0.0769924694859244	-0.436194470536974	0.000925523394175516	-0.0467422710651812	-0.309977840728182	0.0460833416815458	-0.0502310340158025	-0.0720834487144819	0.0766572895747922	0.0106687298114362	0	0	0	0	0	0	0	0	0	0	0	0	0	0	0
ENSRNOG00000011250	0	0	0.0680962757994102	-0.0336567087503256	-0.0375597198644546	0	-0.00145703264794379	0	0	-0.144170548165243	0.0417914362967472	0.134591405735096	0.0731348005084905	0.790690975865135	4.15799715646836	0	0	0	0	0	0	0	0	0	0	0	0	0	0	0
ENSRNOG00000011269	0	-0.0347942975662191	0.0328902545988984	-0.0253255310940797	0.0901213145562544	0.0971033581999314	-0.106366230660921	0.0537341509937674	-0.0421496499411598	-0.511255359767116	0.135417638509227	0.512138827809232	0.997866876833938	3.27870243769526	6.67922521969922	0	0	0	0	0	0	0	0	0	0	0	0	0	0	0
ENSRNOG00000011696	0.291715777077459	0.0568558056545045	0.129766319156403	0.0756188228113874	-0.142447252417989	-0.396281985703631	-0.214576025535836	-0.0414363693123878	-1.0294931749419	-1.06556000103595	0.0122828251340898	0.111339831439786	0.0352949413686785	-4.90719485456141	-6.932726336959	0	0	0	0	0	0	0	0	0	0	0	0	0	0	0
ENSRNOG00000012199	-2.59950401749698	-1.47010722232869	-1.23271758941768	0.412843165399919	-0.967792259221716	-0.266792901418746	0.363931741898536	0	-0.0906391531403814	-0.417404567976083	-0.0308698127166856	0	0	-0.0643632334812444	-0.065394477282688	0	0	0	0	0	0	0	0	0	0	0	0	0	0	0
ENSRNOG00000012205	-0.0179535296514412	0.00680487239759989	-0.000940674205928041	0	0	0	-0.0361063187158499	0.0333610476725584	-0.0533541284607205	0.161905708696369	-0.0726612490134328	0.192611137867525	0.207361180775148	1.31857667745187	2.66299376156606	0	0	0	0	0	0	0	0	0	0	0	0	0	0	0
ENSRNOG00000012629	0.0102103201817636	-0.229563602866196	-0.0803445034174066	-0.00449341912734003	-0.377509964576045	0.0242648270554566	-0.247251849711328	0.077462845281234	-0.516487312624392	0.193279032300274	-0.188522158001653	-0.0878901389697413	-0.379480247342766	-0.556542528235538	-1.03189845547655	0	0	0	0	0	0	0	0	0	0	0	0	0	0	0
ENSRNOG00000012862	-0.170733937762226	0.0225721203632476	-0.617132621459191	-0.49398339462589	0.0177741666479498	0.215531321167542	-0.205310643433309	-0.231441569651451	-0.311195966578373	-0.260628682298137	0.543975332136866	0.500501346299658	-0.457933876136951	-1.9657005211719	-3.89456038482217	0	0	0	0	0	0	0	0	0	0	0	0	0	0	0
ENSRNOG00000012896	0	0	0.0313136433398517	-0.465845590573162	0	0.293824827103758	0.0387171702566676	-0.00331294039218853	0	-0.0217987677071234	0.164278017407545	0.0802850698346095	0.0102826617043926	6.92431007955427	11.2285409265335	0	0	0	0	0	0	0	0	0	0	0	0	0	0	0
ENSRNOG00000013017	-0.88151988063243	-0.473176512522945	-0.290456824689816	-0.699236051388227	-0.582640224919398	0.0877324215187207	-0.663528707742988	0.436055768660235	0.149519368761325	-0.410446499898028	-0.064320756193196	-0.0726007326048723	0.221504774908187	-0.889957391969576	-0.918956075843631	0	0	0	0	0	0	0	0	0	0	0	0	0	0	0
ENSRNOG00000013251	0.0439167215800813	-0.14525024284969	-0.0248880920432519	-0.0879286266444961	-0.0728183550908774	-0.00600586956895199	0.0256071851441151	0.053230595415843	-0.0620710445400103	0.265406324694885	0.2787321382721	0.0278033103727378	-0.0984731539944175	-2.10554525014711	-5.28411324643123	0	0	0	0	0	0	0	0	0	0	0	0	0	0	0
ENSRNOG00000013410	0	0.0922485592747937	0.0240301646231941	0.00411410644478521	-0.0180996330176609	0.0132309215102086	-0.108035538657175	-0.115123313002667	-0.00138403532236601	1.13551089963607	0.218222522673448	-1.13779991096843	0.156662936139692	2.71458365970301	5.20342608507117	0	0	0	0	0	0	0	0	0	0	0	0	0	0	0
ENSRNOG00000013907	0.163213495729457	0.0747866995185795	-0.000585981515428102	-0.0300682471057234	0.0906351391832332	-0.0114713938959525	-0.189190121582664	-0.251487460641384	-0.322547740262022	-0.107620960544903	-0.146089876438514	-0.108677844416205	-0.359300621618846	-0.681415208310105	-1.94248115484385	0	0	0	0	0	0	0	0	0	0	0	0	0	0	0
ENSRNOG00000013925	-0.483936941030879	-0.301430721840297	-0.0126144858688046	0.0437481120032035	-0.136237140923233	-0.0638216631533899	-0.00145703264794379	0.112805386905243	-0.0467422710651812	-0.0695858196883803	0.335857201866771	-0.214903777011839	0.0342409469028214	1.72204635967268	5.30789882996046	0	0	0	0	0	0	0	0	0	0	0	0	0	0	0
ENSRNOG00000013953	0.0558556550667486	0.232629481862704	-0.451824432305129	-0.0929057930970639	-0.460676563230667	-0.188803608404718	0.0233190622269128	-0.0594149675839003	-0.194800383870225	-0.123652840551869	0.104907558542611	0.0632899690719345	0.0159683719311638	-0.642673630552958	-4.26303056118415	0	0	0	0	0	0	0	0	0	0	0	0	0	0	0
ENSRNOG00000014135	0.229063545295885	-0.0546993959934969	-0.179069466468157	-0.130133362935938	-0.0490202328280915	0.135897133690197	-0.0434638936034522	-0.0719703180944062	-0.545030040807406	-0.57134858555046	-0.0278429910642242	0.0399859503495676	0.0569112876288331	-0.492629038245438	-1.10423406367684	0	0	0	0	0	0	0	0	0	0	0	0	0	0	0
ENSRNOG00000014171	0.411031758425438	0.0551847985101288	0.164814769549905	0.393074434422509	0.11924172530652	0.308947495243316	-0.203857158867409	-0.213220636706104	0.223740912532161	0.171138238923853	0.336532887083073	0.14630806703391	-0.179985204985913	0.465090673683116	1.32694620530041	0	0	0	0	0	0	0	0	0	0	0	0	0	0	0
ENSRNOG00000014711	0.0601585027543025	-0.111193543480914	-0.047401123853436	-0.0785247539656074	-0.124449025541491	-0.328058083433664	-0.079053630667527	0.103174102056773	-0.0215937325154008	0.0354259684542768	-0.0736160245496956	0.0955077332489556	0.101599779964696	2.42321441277377	2.55228619125888	0	0	0	0	0	0	0	0	0	0	0	0	0	0	0
ENSRNOG00000015401	-0.393873860765805	-0.136276488643302	-0.0370992917080393	-0.152345396472119	-0.0701055236943012	-0.100047998603428	-0.0361063187158499	0	0.0528094151929798	-0.0700018598843584	0.182915419209092	0.00327098092407452	0.0117135649956287	-0.822029315348596	-1.70812408773983	0	0	0	0	0	0	0	0	0	0	0	0	0	0	0
ENSRNOG00000015562	0.127426751486666	0.0596330677460312	-0.0752099592644885	0.17142103785971	-0.274008135264349	-0.0134151255165873	-1.78062243616533	0.0880478444538095	0.151223097523938	-0.374279453145137	-0.12976827264453	0.621831366967106	0.190526669516153	1.60375642045486	5.59242171180828	0	0	0	0	0	0	0	0	0	0	0	0	0	0	0
ENSRNOG00000015763	-0.0197832635687134	-0.193961994420744	0.137554705539682	-0.0883380300160667	0.000278354140791276	0.0201268243395882	0.32887971410244	-0.0790627951094566	-0.0436019710074887	-0.20864239819002	0.357893612527987	-0.145807702839219	0.231035817189776	1.09633498971684	1.17054950586422	0	0	0	0	0	0	0	0	0	0	0	0	0	0	0
ENSRNOG00000016258	-0.384029580378467	-0.16109031122565	-0.426638508197564	-0.123192796357982	-0.565490082291878	-0.0789479273965079	-0.170093077854314	0.02587430005409	-0.474873305039901	0.596609737931447	0.445311374983962	0.0575938282749702	-0.0557408232743306	-1.27893549139666	-1.70263541989714	0	0	0	0	0	0	0	0	0	0	0	0	0	0	0
ENSRNOG00000016358	-1.07300544842053	-0.615073797634126	-0.649521978823882	-0.236946683872569	-0.385696857925441	-0.190568357726816	0.404944956098701	-0.0184548954117895	-0.237191801343368	-0.492302352701612	0.481597766380083	0.0304731534995653	0.108683616332214	-1.55668010055391	-2.08941880409233	0	0	0	0	0	0	0	0	0	0	0	0	0	0	0
ENSRNOG00000016598	-1.74794891623767	-0.84357711651659	-0.502514819996695	-0.508554334309161	-0.693541178046432	0.0225728625083911	-0.301016299105598	0.0224945474047337	0.103556690616053	-0.0556388935553104	0.322765463936644	0	0	0	0	0	0	0	0	0	0	0	0	0	0	0	0	0	0	0
ENSRNOG00000016750	-0.199078712101294	-0.349932108728135	0.0235926056079596	-0.487996735642218	-0.446132858561136	-0.0121829992147398	-0.184627772727139	-0.106610521455267	-0.522220411576025	-0.453747116143535	0.0536231393299849	-0.0288458159400733	-0.117188710311352	-1.77674790704454	-3.10617088534157	0	0	0	0	0	0	0	0	0	0	0	0	0	0	0
ENSRNOG00000017006	0.0676219859429547	0	-0.0322543175457798	0	-0.071176792411672	0	-0.0393734919440105	0	0.00829080378561683	0.0976624627347915	-0.190023315705307	0.00140199593744646	-0.290002283869145	-0.657201555904675	-1.57251893426033	0	0	0	0	0	0	0	0	0	0	0	0	0	0	0
ENSRNOG00000017115	0.135466062409691	0.265823103803495	-0.11060730206538	0.0127354746425929	0.081250499190423	-0.0491228596016073	0.0433779760803015	-0.0233153401405248	0.389399550142029	0.82078855948631	0.0937979478891768	-0.0689734654766703	0.104865367975966	0.967220198413466	1.10490429023917	0	0	0	0	0	0	0	0	0	0	0	0	0	0	0
ENSRNOG00000017473	0.220872164858627	-0.063283000156245	-0.316852249770188	-0.00376331420864706	0.000845359967103665	-0.0214227399218689	-0.343202863041276	0.263900294569329	0.0105776572021163	-0.12134079234938	-0.0888506169519352	0.0140797639363885	-0.155856808538409	0.630767830901604	1.22869816915927	0	0	0	0	0	0	0	0	0	0	0	0	0	0	0
ENSRNOG00000017531	-0.0189103737514149	0	-0.0322543175457798	0	-0.0375597198644546	-0.0682596080151972	0.114196980916528	0.00177069437446106	0.0775201080713691	0.361912895415879	0.299538951747297	0.299210225631575	-0.192994195337655	3.70250736322831	2.73487345322137	0	0	0	0	0	0	0	0	0	0	0	0	0	0	0
ENSRNOG00000017601	-0.154858169525	-0.310802997501295	0.174920876563359	-0.729785617517114	-0.0664761532585283	-0.165824017547195	-0.304340478977492	-0.475423373833317	-0.192212248042699	0.40820478593712	0.398025472537155	-0.102254202717432	-0.842797613323496	-0.940700730724187	-3.09562022384105	0	0	0	0	0	0	0	0	0	0	0	0	0	0	0
ENSRNOG00000017613	0.073664101396032	0.0485909385353462	-0.110429353368357	-0.053869041598074	0.0897977624124406	-0.160306408443768	0.194632806959691	0.0379172569463915	-0.0580889073556232	-0.24164754013202	-0.110390200621164	0.0164266323499058	0.0477917539691148	-0.658401717698093	-0.910560245421663	0	0	0	0	0	0	0	0	0	0	0	0	0	0	0
ENSRNOG00000017727	0.119556823960182	-0.0679872331290074	0.0313136433398517	-0.0917956776141931	-0.203764204896635	0.392186031362251	0.0537725242692473	0.107478895558666	-0.0202719871526407	-0.0447508620215586	0.158183289719422	0.120409128045774	0.386641775131725	-1.61739267275555	-4.35025044879186	0	0	0	0	0	0	0	0	0	0	0	0	0	0	0
ENSRNOG00000017964	-0.019311012289265	-0.0265866337925457	0	0.0343242749835804	-0.0751893239944964	-0.101765835156223	0.0901870423729798	-0.101135850344428	-0.253968457308787	0.739612498486792	-0.0619949583750783	-0.490313420069515	-0.625956343506373	2.75158167411594	3.67668600884028	0	0	0	0	0	0	0	0	0	0	0	0	0	0	0
ENSRNOG00000018052	0.184133058807312	0.256167066050368	0.0649481465053974	-0.0825816708031137	-0.110736487352459	-0.411141481706207	0.134538630479509	-0.0176861920756064	-0.0769226954605076	-0.550251775136823	0.227988264834968	-0.0123846359164794	0.0210802111798518	-0.667344905673247	-1.55328976894502	0	0	0	0	0	0	0	0	0	0	0	0	0	0	0
ENSRNOG00000018077	-0.229118425515201	0.115988264347789	-0.121475438419644	-0.0319630878366555	0.101716544467929	-0.0767537681754789	0.130411489714262	-0.116677407447774	0.0729937203008433	-0.0510724432262331	0.167943046892233	0.183118094720506	-0.0800283356433669	0.160632441603699	0.964585931657002	0	0	0	0	0	0	0	0	0	0	0	0	0	0	0
ENSRNOG00000018086	0.622491547414793	0.293204289754972	0.205816781562463	-0.136640069296069	-0.34952823147789	-0.153609354433905	0.614404380695721	-0.147111907899975	-0.34036478823394	0.712875111844248	0.128533634526599	0.0879190068733386	0.120828738248132	6.22527793325645	9.46428740245166	0	0	0	0	0	0	0	0	0	0	0	0	0	0	0
ENSRNOG00000018131	0.38992910823366	0.0503081094749955	0.273132628489834	-0.0942059777168995	-0.144721604115511	-0.396281647918002	-0.335022017427198	-0.191439137399548	-0.441846616119443	-0.0169224617485595	-0.652983710277683	-0.150886827629419	0.19833108101313	1.26750980181142	1.94251741995409	0	0	0	0	0	0	0	0	0	0	0	0	0	0	0
ENSRNOG00000018824	0.0921915045210051	0.442711199417432	0.0681616046047555	0.129221528100452	0.105582470391097	-0.146040764535865	0.459072441041469	0.182287243412299	0.21248861240694	0.444378570877385	-0.315152344795308	0.223092757314852	-0.195492655636198	-0.897567394920072	-2.8125183544759	0	0	0	0	0	0	0	0	0	0	0	0	0	0	0
ENSRNOG00000019000	-0.19797892823331	0.00386250980598479	-0.131410768975622	-0.250784350229917	-0.142026569633966	0.192353149634105	0.0117088694811374	-0.415726680722811	-0.0307039418387376	-1.31044757797982	0.19781198854306	-0.19644618733167	0.0578565198642886	-1.05515389894217	-1.78700002989338	0	0	0	0	0	0	0	0	0	0	0	0	0	0	0
ENSRNOG00000019009	-0.107469459998238	0.0769344177546889	0.112413943572028	0.0906701593143229	0.090321980388377	-0.312889725686938	0.147844259930734	0.0867024336704634	0.288230907918469	-0.311136307514316	0.184507066687988	-0.262364628874651	-0.288566750863123	-0.03807103066202	-2.02014427764263	0	0	0	0	0	0	0	0	0	0	0	0	0	0	0
ENSRNOG00000019036	0.0870398071253327	0.340776542899795	0.188855002385727	0.173056167740276	0.105568121215468	-0.218811745139425	-0.00403102517532172	0.157998644630986	0.0970014349630448	0.222562525646699	0.157237648694021	-0.0260672334125172	0.0245794172232712	1.01895204164393	1.26307560019888	0	0	0	0	0	0	0	0	0	0	0	0	0	0	0
ENSRNOG00000019417	0	0	0	-0.0917956776141931	0.0551605273962173	0	-0.00145703264794379	-0.033037420356803	0	-0.152662254267822	1.04199429300523	0.0465043748254192	-0.00425480693553508	6.25449207796505	8.46727162856079	0	0	0	0	0	0	0	0	0	0	0	0	0	0	0
ENSRNOG00000019470	-0.0997584262758143	0.0967847021380797	0.223241162487413	-0.418397650051697	-0.126225990169319	0.0458273226766197	0.139444406206325	0.0876141371708081	-0.656178503737101	0.136798185448934	-0.147469106168684	0.400398364152276	0.291720940448993	2.0538883973641	4.00456288264627	0	0	0	0	0	0	0	0	0	0	0	0	0	0	0
ENSRNOG00000019737	-0.409675679175725	0.138594455963083	-0.210413055350999	0.0940843185723508	0.0506784366889135	-0.139949170087063	0.0210957563609351	-0.337974637061642	0.43778748366992	0.58010524466468	0.155091521523788	-0.0858083393277562	0.0407694742169742	-0.823412550758071	-1.44255929360896	0	0	0	0	0	0	0	0	0	0	0	0	0	0	0
ENSRNOG00000020167	0.22739835112485	0.25978731153081	-0.0408264837728325	-0.0547861940241567	0.0347888963436649	-0.0671540194279077	0.278774366225479	-0.114971396851508	0.306876323524619	0.341510269496505	0.202832035651872	0.157653811327213	0.0417075722957838	0.46745355604783	0.901839566079008	0	0	0	0	0	0	0	0	0	0	0	0	0	0	0
ENSRNOG00000020185	-0.56406344981763	0.0450023635879262	-0.281629679335352	-0.0706243890314315	-0.168979277388462	-0.135374332014329	0.65311816098218	-0.0227658856056951	0.0163917720150213	0.225682892487169	0.259050911983528	-0.078004712398549	-0.103429106201258	-0.552535613278487	-1.14941833141178	0	0	0	0	0	0	0	0	0	0	0	0	0	0	0
ENSRNOG00000020706	-0.217218345918932	0.215338938217088	-0.0545666067163997	-0.0132757557027982	-0.248784189097198	0.0155372192494742	-0.177681252971355	-0.0812260211787271	-0.0450633246751037	-0.145008258774719	0.14860287468227	-0.0292913655249009	-0.155905078483444	-0.302502509752294	-2.3629498152733	0	0	0	0	0	0	0	0	0	0	0	0	0	0	0
ENSRNOG00000020817	0	0	0.0313136433398517	-0.35539209908498	0.134325531178682	0.257397162878425	0.1231022944436	0.148162696116311	0.14827583435651	2.12672690726495	2.07604319429859	1.26442879329384	0.715399681430199	5.91009410477454	8.50818200753739	0	0	0	0	0	0	0	0	0	0	0	0	0	0	0
ENSRNOG00000021553	0.239795572312732	-0.25550777474269	0.126247194794376	-0.179946794050784	-0.199200944789848	-0.10975729792442	-0.0687692464479808	-0.132277688358859	-0.757971893700944	-0.724809348622202	-0.613263779229827	-0.0501073708383628	-0.298794667765828	-1.1356308788704	-2.35204846795428	0	0	0	0	0	0	0	0	0	0	0	0	0	0	0
ENSRNOG00000021663	-0.653292629301917	-0.418478381773874	-0.0134236007346047	-0.302126327027108	-0.0608558089169394	-0.141061647025108	0.0554940187804455	-0.101881239571447	0.0033672657243935	0.404041177452845	-0.236097726361878	0.541633947680809	0.0212522769048942	1.55415300947676	2.16015881442819	0	0	0	0	0	0	0	0	0	0	0	0	0	0	0
ENSRNOG00000023383	-0.148781576592544	-0.401553510708792	-0.0752370961607571	-0.173410901046537	-0.195185222179992	-0.306133237301626	-0.457338800342164	-0.128862904759409	-0.464460417608459	-0.542669911421584	-0.43383208209702	-0.177392312469522	0.00551457906989761	-0.297671552567511	-0.177787167367619	0	0	0	0	0	0	0	0	0	0	0	0	0	0	0
ENSRNOG00000024595	-0.44073790654117	0.067535652988385	-0.0859847919616969	0.0859939206539457	-0.378800502877004	-0.172730613943101	-0.318400744154696	-0.473094130319203	-0.469222108635899	-0.0909124017316283	-0.198724941534314	-0.0381548241241685	0.315316812247737	0.207440979822516	1.31906539477834	0	0	0	0	0	0	0	0	0	0	0	0	0	0	0
ENSRNOG00000025151	-0.486949000690287	-0.1346229625776	-0.238829035932985	-0.152052177286986	-0.280916922122754	0.07790247251855	0.10612221364303	0.12276925289841	0.120281695461139	-0.231817459867682	0.377293936944096	-0.0817628782284832	-0.163649855526884	0.355054772036711	2.31409680794061	0	0	0	0	0	0	0	0	0	0	0	0	0	0	0
ENSRNOG00000025648	0.752623646692471	0.189478312383993	0.135843257980777	-0.158367648503712	0.00012045314042064	-0.524378230683836	-0.165233486601665	-0.0153495826158281	0.287881876730129	0.0135528917420227	0.117552453566213	-0.386639440497547	-0.558045757079706	2.8625014327531	7.00849527147095	0	0	0	0	0	0	0	0	0	0	0	0	0	0	0
ENSRNOG00000025882	-0.264927734112838	0.183695583557178	-0.0542645864295785	-0.0353272898065753	-0.301470894407348	-0.277942911479272	-0.118446630505712	-0.184576606426388	-0.479917330271971	-1.35210667810893	-0.178184224595773	0.0585790591114357	0.421153483504378	-1.21921060344811	-0.821703691257232	0	0	0	0	0	0	0	0	0	0	0	0	0	0	0
ENSRNOG00000026051	0.13221539893977	0.026305695116899	0.000409248918891436	0.0557765622021471	0.0529380131773502	0.116631686746302	-0.212259939942015	0.0466492062315564	0.207737906569264	0.0390177850345657	0.176692813958432	0.472643429440466	-0.528611137234688	-3.37156829594491	-3.98483982897566	0	0	0	0	0	0	0	0	0	0	0	0	0	0	0
ENSRNOG00000026577	0.112164021348207	-0.0187512172427647	-0.0629348829450192	-0.0824835215282347	-0.225127271765567	-0.10188554637329	0.0462777079772644	0.0339629437509785	-0.226492694710043	-0.0840084427427379	0.00332206169717575	0.121472111479603	-0.0369984284191957	-0.806991206605325	-1.31286569292484	0	0	0	0	0	0	0	0	0	0	0	0	0	0	0
ENSRNOG00000027179	-0.234416202808787	-0.446319421030159	0.0587244029439646	-0.0664014579199756	0.29460380829275	0.119161156425283	0.0908577642686041	-0.180408221431828	-0.294740681693805	0.509560150877785	-0.472930492479604	0.427353915836329	-0.412797981014149	1.8639721234903	2.4331011365517	0	0	0	0	0	0	0	0	0	0	0	0	0	0	0
ENSRNOG00000027747	-0.579699961839921	-0.407474570324498	-0.165740577723486	-0.191749011969094	-0.28449292128405	-0.0801213962236265	-0.108565761184125	-0.019474743695544	-0.141003196010937	-0.628491921705746	-0.327454743783037	-0.205836383925208	0.142384026833111	-0.388677005040788	-1.94212717534897	0	0	0	0	0	0	0	0	0	0	0	0	0	0	0
ENSRNOG00000028092	-0.585287701525072	-0.310051231737529	-0.875177535335075	0.160232257304218	-1.48995869024672	-0.151125318319979	0.0133137536256804	-0.430066446692799	0.332598176800009	-0.266956891042888	-0.0349068688610554	-0.535698611796677	0.325679854116999	-4.27482486745584	-7.1400445297646	0	0	0	0	0	0	0	0	0	0	0	0	0	0	0
ENSRNOG00000028534	-0.318459278882331	-0.261867927525937	-0.433092918049042	0.0197045758662266	-0.648342116293956	-0.166193815267008	-0.0201576898604561	-0.222919684590456	-0.621567503817323	-0.0525085435894423	-0.351177990594588	-0.124352681223661	0.190681009228301	-0.424725968703375	-0.0986105777600041	0	0	0	0	0	0	0	0	0	0	0	0	0	0	0
ENSRNOG00000029292	-0.683014473092387	-0.231991621590651	-0.0509844564928166	-0.198891681726075	0.148308285685559	-0.387170546614337	0.199356627528744	0.188866946116475	-0.289991435577198	-0.455684133907959	-0.17838294456409	-0.0931861096798956	0.100046481545967	-0.844747182171966	-1.13422790238739	0	0	0	0	0	0	0	0	0	0	0	0	0	0	0
ENSRNOG00000029330	-0.0565504689389551	-0.0950266740065943	0.102747354884281	0.155329725800892	-0.139066783331395	-0.0137777427023669	-0.184924503808553	-0.0483317767819731	-0.220556034099779	0.0827689159083205	0.0576442892985563	0.204031881435293	0.133334758382857	1.22377014354434	1.19724158580023	0	0	0	0	0	0	0	0	0	0	0	0	0	0	0
ENSRNOG00000029535	-0.202105789385388	-0.172666979442436	0.0112655840034295	-0.316473682864291	-0.651609512735337	-0.388335818909068	-0.66343437343052	-0.265765407468117	-0.419595767830979	-0.768518763333422	0.000642116583192909	0.0188462698860317	-0.0856664714117521	-0.355767567201069	-0.677323757974681	0	0	0	0	0	0	0	0	0	0	0	0	0	0	0
ENSRNOG00000029844	0.0342190575419127	0	0	0	-0.0375597198644546	0	0	0.0333610476725584	0	1.2507650292172	0.217071066184571	0	-0.00425480693553508	4.29436516534723	4.25464307421858	0	0	0	0	0	0	0	0	0	0	0	0	0	0	0
ENSRNOG00000030154	0.0102912658469287	0.0469128654947431	0.0408484417832154	0.130831540504098	0.500563013962151	-0.500885833577371	-0.347047522389565	0.00958788398796884	-0.233594047074471	0.277144750552488	0.0580949113864966	0.167097931010074	0.944748922730622	2.54590202059624	3.940025684094	0	0	0	0	0	0	0	0	0	0	0	0	0	0	0
ENSRNOG00000030316	0.212915147589493	-0.220975708384212	-0.472429487326958	-0.079965891433331	-0.239907215175409	-0.0569765289759399	-0.147586999189364	-0.0933586297066829	-0.100096399525902	0.145115655370127	0.114158700136082	0.020638020008439	-0.0492057654394031	-2.92668359979602	-4.47916305122155	0	0	0	0	0	0	0	0	0	0	0	0	0	0	0
ENSRNOG00000030486	-0.0926157245224992	0.177741890800643	-0.391124080765783	0.00749637894683775	-0.506941631079208	0.218309850700185	-0.187197813166633	0.156411623256326	-0.160589137456914	-0.422004109067833	0.0812531825828999	0.115009027563052	-0.00188660277580954	-0.465547564991698	-2.64717296703307	0	0	0	0	0	0	0	0	0	0	0	0	0	0	0
ENSRNOG00000030616	0.0159909150136306	0.463077941766224	-0.0891739085298298	0.537436922045947	-0.0314126308832139	-0.465962597484743	-0.159003344498061	0.139612063645496	0.601493280061259	-0.407966823946331	0.242758446870405	-0.0271574524187734	-0.500533425006496	-1.6102696830975	-2.5426667255019	0	0	0	0	0	0	0	0	0	0	0	0	0	0	0
ENSRNOG00000030866	0	0	0	-0.0658128144591846	0	0	0	0	0	0	0	0	0	2.68975320985773	5.70205684467938	0	0	0	0	0	0	0	0	0	0	0	0	0	0	0
ENSRNOG00000030868	-0.193277818989361	0.00311286440865333	-0.289036440627436	-0.225584824371799	-0.319618720732759	0.148775005007203	-0.0204385160640901	0.0788386041807141	-0.484268963602455	-0.0774376612624338	0.0173373455014442	0.0126844444527476	-0.0571664285773267	0.410456708707586	5.40331444732657	0	0	0	0	0	0	0	0	0	0	0	0	0	0	0
ENSRNOG00000031232	-0.278594427827177	-0.1313627980029	-0.60041071283811	-0.321044243281709	-0.747369159088717	-0.179931474824568	-0.200565755010933	-0.122990741818017	-0.582051697304725	-0.702733017866036	0.889255739878769	-0.196408296190408	-0.388971703377086	-1.05515192248487	-1.34824233159365	0	0	0	0	0	0	0	0	0	0	0	0	0	0	0
ENSRNOG00000032058	-0.124264007039349	-0.238123373853978	0.0201797085547568	-0.0830843530557148	-0.393967338872361	0.111485108059065	-0.109368105594633	0.0567088051900155	0.102461475032143	-0.291987900268863	-0.149583400268554	0.104851754238839	0.0808892666407566	0.377517083853916	1.34167679605102	0	0	0	0	0	0	0	0	0	0	0	0	0	0	0
ENSRNOG00000032618	0.0898388115101028	0.0429279274111679	-0.0609937903765203	0.170303645338551	-0.341624986444802	-0.259780953537687	-0.388613332868115	-0.14948895001512	-0.1734385798228	-0.156240446846232	0.466712914310163	-0.379406878499967	0.577745245453651	1.08789531368921	3.47950936222117	0	0	0	0	0	0	0	0	0	0	0	0	0	0	0
ENSRNOG00000033010	-0.119456211045464	0.109087387857649	0.17307754245077	-0.266433686083173	-0.0224719241665114	0.0679080363892907	0.0747792167802289	0.222901108953334	-0.192023471023408	-0.20424624130221	0.232110820159486	-0.34832038095304	-0.373804764730331	3.28434259766407	3.85533515793043	0	0	0	0	0	0	0	0	0	0	0	0	0	0	0
ENSRNOG00000033130	0	0	0	0	0	0	0	0	0	0	0	0	0	1.82228468124478	4.53524497412609	0	0	0	0	0	0	0	0	0	0	0	0	0	0	0
ENSRNOG00000033192	0.0881420299750548	-0.0553803482738398	-0.276865826758836	0.145388292923398	-0.0481044125878494	-0.146829574152507	-0.526226051263387	-0.241450542913255	-0.975248188918955	-1.03399408367873	0.0254092016201768	0.177647134898046	0.340521790532312	-2.10396755681573	-3.92530685478142	0	0	0	0	0	0	0	0	0	0	0	0	0	0	0
ENSRNOG00000033412	-0.231011825720398	-0.164009337367506	-0.067830851018236	-0.555824633870964	-0.150037848483788	-0.147919504184646	-0.24495167878035	0.0271247390255095	-0.139756333882002	-0.226074312664029	0.336999134933408	0.187163238233482	-0.34826568089698	-0.654516506393783	-0.340117398720293	0	0	0	0	0	0	0	0	0	0	0	0	0	0	0
ENSRNOG00000033415	0	0	0	-0.0336567087503256	0	0.0463620645046462	0	0	0	0	0	0	0	1.12341458385419	6.05546683558581	0	0	0	0	0	0	0	0	0	0	0	0	0	0	0
ENSRNOG00000033466	0.144482671223376	0.498283509188753	0.173720186865187	0.0522516569816762	0.165310189268602	-0.0712291019449207	-0.0385071205026071	-0.111599834652473	0.209527574198561	0.201573645321481	-0.00168894773670658	0.10232960913493	0.276171932670312	0.903211700352625	1.36546533270949	0	0	0	0	0	0	0	0	0	0	0	0	0	0	0
ENSRNOG00000036866	-0.235150261262602	-0.386019405718298	-0.0448451841684747	0.13892421604081	-0.0863411956155886	0.043012141608898	-0.330298634182318	-0.149775739281769	-0.215940860551179	-0.0819364377983796	-0.268026755711274	-0.185527190568826	0.108925240959041	-0.596226649532972	-0.269454499323591	0	0	0	0	0	0	0	0	0	0	0	0	0	0	0
ENSRNOG00000037549	0.0524897037902485	0.173238854226098	-0.171848005076143	-0.0474635573016991	0.039226663181241	0.244704546714173	0.0478539151228429	-0.0472720423645578	0.0106707488107964	-0.411389995072671	-0.0560086083666201	0.0433717297762286	-0.122625179287548	-5.58264177353317	-10.9754597002568	0	0	0	0	0	0	0	0	0	0	0	0	0	0	0
ENSRNOG00000037753	-0.0856072276108072	-0.0719813689025172	0	0	0	0	0	0	0	0	0.0417914362967472	-0.134312338313089	-0.114508324297747	1.26860529738403	1.74473194816539	0	0	0	0	0	0	0	0	0	0	0	0	0	0	0
ENSRNOG00000037919	-0.303590242404447	-0.422521976622899	0.139966479119785	-0.155780060985943	-0.234646917920045	-0.15334350509892	-0.0919365064036354	-0.246356014022707	-0.0888487443602859	0.0231811791526327	-0.170676114703633	0.256653142697713	-0.0357059673918563	-1.22029082375365	-0.821581344910024	0	0	0	0	0	0	0	0	0	0	0	0	0	0	0
ENSRNOG00000038331	0.0162655278904715	-0.0716824636468709	0.00308974472044617	-0.126119952597773	-0.0657369963363102	0.151926086395646	0.00210746968691447	0.110678869116765	-0.0889602067503039	0.915049558862781	-0.511279944487114	-0.438619176171508	0.208255963725065	3.57940774177128	5.26578115309612	0	0	0	0	0	0	0	0	0	0	0	0	0	0	0
ENSRNOG00000038361	0.0676219859429547	0.041599169963819	-0.066021768552959	0.0699878083836304	0.0923317514251144	-0.0411667529916071	-0.171409725460212	-0.364360683945503	-0.0337833916748311	-1.51176658094451	1.2752098628938	0.0767393354434383	-0.295478338337228	1.50646608335612	2.32858807838921	0	0	0	0	0	0	0	0	0	0	0	0	0	0	0
ENSRNOG00000038868	-0.0512470719368672	-0.31101284467854	0.0700297099982432	-0.164651625185571	-0.213955910514595	-0.0469361114624167	-0.390382629907993	-0.0797571425956356	0.0660866055283931	-0.920103070044955	-0.0165494809866216	-0.361962808965163	0.104397105871298	-0.207760909790981	-0.683573717349049	0	0	0	0	0	0	0	0	0	0	0	0	0	0	0
ENSRNOG00000039153	0.179552050837038	0.34717738767437	0.163360103815198	-0.0484857892946025	-0.59523533324809	-0.2403019235755	-0.212766319015198	-0.0136287459554456	-0.544961054902138	-0.791017717274818	-0.354106844071534	0.280517427628987	0.0254943674879611	2.91376230489598	8.61079959964082	0	0	0	0	0	0	0	0	0	0	0	0	0	0	0
ENSRNOG00000039390	0.0623709703939079	0.502042235555077	-0.333947242266928	-0.142801677356752	0.217910603884099	0.0444359577067508	0.461167603192165	-0.19489764381202	-0.104468707887261	-0.180220155878181	0.407880877724033	-0.172719159405387	-0.430080602003484	-1.35989230034043	-2.29607167882013	0	0	0	0	0	0	0	0	0	0	0	0	0	0	0
ENSRNOG00000039543	0	0.041599169963819	0.0313136433398517	-0.0605497188579262	0.0652786162351655	0.0692160217729072	-0.174161792735666	-0.141844402017225	-0.137314039369693	-0.102648465739137	0.0581103653623287	-0.478042941392501	-0.439185227838586	-0.789771716407224	-0.654033150257883	0	0	0	0	0	0	0	0	0	0	0	0	0	0	0
ENSRNOG00000040215	0	0	0	0	0	0	0	0	0	0	0	0	-0.0571664285773267	0.458193337639761	1.26499614806639	0	0	0	0	0	0	0	0	0	0	0	0	0	0	0
ENSRNOG00000042543	0	0	0	-0.0658128144591846	0	0.0463620645046462	0	0	0	0	0	0	0	4.15575248374118	6.3014694593257	0	0	0	0	0	0	0	0	0	0	0	0	0	0	0
ENSRNOG00000042630	0.272229278021461	0.00518086678284491	0.202268025789199	-0.00237513468345996	-0.00173538112097305	0.197577145476585	-0.0144112474524176	-0.0677700727732655	-0.0250983248260084	0.444890652140958	1.51593298393206	0.192871546362376	0.426460099185317	1.07449562548712	1.10406399608499	0	0	0	0	0	0	0	0	0	0	0	0	0	0	0
ENSRNOG00000042721	0.0445103233888413	-0.0220144759112064	-0.0631279327512384	0.0695484627474269	-0.0375597198644546	0	-0.0393734919440105	-0.033037420356803	0	-0.0461837759107887	0.296084570247438	-0.322688309997236	0.0652649791994736	3.29926068080024	4.24838741268899	0	0	0	0	0	0	0	0	0	0	0	0	0	0	0
ENSRNOG00000042884	-0.0179535296514412	0	-0.0347109843256136	0.0699878083836304	0.0725205070244918	0.00963870172499312	0.0819620534237173	0	-0.258157183320156	-0.351150530291395	0.100423842912861	0.0761657558763705	-0.0571664285773267	2.33231226627521	1.53491154654273	0	0	0	0	0	0	0	0	0	0	0	0	0	0	0
ENSRNOG00000042888	-0.0781999521456438	0.140145142793908	-0.0247650528740464	-0.322253540551225	-0.266218180487391	-0.175213503654494	-0.156513882410745	-0.0269000257871741	-0.414475698424153	0.11363768148914	-0.312854022035099	0.121790036747462	-0.355475982119836	-0.914041209300745	-1.29383954584206	0	0	0	0	0	0	0	0	0	0	0	0	0	0	0
ENSRNOG00000042978	-0.46516574691528	-0.407493368672459	0.172384901975176	-0.321527029291271	0.216929406794732	-0.257522794139578	-0.296526921021801	-0.341168547314995	-0.403333269901168	-0.599118379557992	-0.164150744592989	-0.197978966340021	-0.199597887924009	0.28262816161374	-2.30485240561513	0	0	0	0	0	0	0	0	0	0	0	0	0	0	0
ENSRNOG00000043131	0	0	0	-0.25794376377949	0.0281073922062683	0.275289274401424	0	0	0	0	0	0	0	5.37489058609551	8.60751101514224	0	0	0	0	0	0	0	0	0	0	0	0	0	0	0
ENSRNOG00000043154	-0.102236476060279	-0.0900753983586945	0.254312068665992	-0.144196466323767	-0.0787698407548273	-0.209195140974288	-0.0878438668829882	-0.112816374476824	0.147453572691253	-0.121187372565643	-0.0919350452893698	0.0191659260264765	-0.247746817665321	-0.618420335502978	-1.00082776680571	0	0	0	0	0	0	0	0	0	0	0	0	0	0	0
ENSRNOG00000046247	-0.206949003505952	0.0158956188397709	-0.0669653018713934	0.0352241877638465	0.0349607871600372	-0.0332540817883391	-0.147199825939947	0.0118382400729326	0	0.10637728471194	0.0916988294280589	-0.061887973134488	-0.126951375536015	-0.80354522214281	-1.1726524398444	0	0	0	0	0	0	0	0	0	0	0	0	0	0	0
ENSRNOG00000046440	0.0922885793352266	-0.00368124483405946	0.00308974472044617	0.0714033966855772	-0.0340055683827749	0.0316672749507138	-0.0486795796002158	0.127956567370364	0.100391310593613	0.186080220392699	0.00205088967317979	0.082873906916797	-0.0639452491142301	0.397576049415013	0.68935990623768	0	0	0	0	0	0	0	0	0	0	0	0	0	0	0
ENSRNOG00000046515	-1.42171979711992	-0.484524134656792	-0.409342912035664	0.0378981355672012	-0.163474426028896	0.0316672749507138	0.0677102278605256	0	0.1061635436537	-0.0602217621478147	0	0	0	0	-0.065394477282688	0	0	0	0	0	0	0	0	0	0	0	0	0	0	0
ENSRNOG00000046529	0	0	0	-0.0658128144591846	0	0	0	0	0	0	0	0	0	1.69973955815802	4.50968067301334	0	0	0	0	0	0	0	0	0	0	0	0	0	0	0
ENSRNOG00000046662	-0.287221008519291	-0.35232844754986	0.228321755413733	-0.0333288827416265	-0.317655582764877	0.0918226389115246	-0.336590354166725	0.235831217893635	-0.350927444360047	-0.0925021136961655	-0.506865301483682	-0.563031049667618	0.214245429859158	-0.899096672992789	-0.44351389357452	0	0	0	0	0	0	0	0	0	0	0	0	0	0	0
ENSRNOG00000047108	-0.0174885824720118	0	0.027556877917771	0.00424142681687559	0.0804959878466302	-0.00278167116578282	-0.161977413005922	0.160392091648747	-0.132017278225606	0.166304797005307	0.0916886398151533	0.00790976264459209	0.157314001877771	1.16597559182664	1.99412685439527	0	0	0	0	0	0	0	0	0	0	0	0	0	0	0
ENSRNOG00000047172	0	0	-0.0347109843256136	0.00498176508505432	0.00134371461281971	0.165457195690624	-0.00278096721758071	-0.0948925237980258	-0.0533541284607205	-0.722669281134803	0.119577199729103	-0.165656513724422	-0.13669308133179	3.80484087220394	5.53253336350139	0	0	0	0	0	0	0	0	0	0	0	0	0	0	0
ENSRNOG00000047520	0	0	0	-0.0336567087503256	0	0.0463620645046462	0	0	0	0	0	0	0	3.42650155098388	7.02450948906348	0	0	0	0	0	0	0	0	0	0	0	0	0	0	0
ENSRNOG00000047545	-1.67469443760918	-1.19173408339778	-1.14479392607352	-0.102125068583564	-0.570185625363464	-0.223866990781884	-0.185203484857241	0.144343773004648	0.182973407222609	0.0425936283891537	0.280927683029885	0.0105077579130982	-0.130939701909117	-0.156510197261398	0.144987336992962	0	0	0	0	0	0	0	0	0	0	0	0	0	0	0
ENSRNOG00000047613	0	0	0	-0.447553192308702	0.0551605273962173	0.609433033835445	0	0	0	0	0	0	0	7.38579516564308	11.2988319603868	0	0	0	0	0	0	0	0	0	0	0	0	0	0	0
ENSRNOG00000047945	0	0	0	-1.1920031876399	-0.0160162650154548	1.46570768729948	0.373269088321826	-0.0154210967665749	-0.0701880312799754	-0.630171642880037	1.13570154931759	0.481639815416138	0.801143865026621	-3.17914771558412	-6.16848718594217	0	0	0	0	0	0	0	0	0	0	0	0	0	0	0
ENSRNOG00000049053	-0.0179535296514412	0	0	0	0.0281073922062683	0	0	0	0.1061635436537	0	0	0	0	-0.560764158469531	-1.24305447914522	0	0	0	0	0	0	0	0	0	0	0	0	0	0	0
ENSRNOG00000049464	0.0342190575419127	0	0	-0.389716374068561	0.10062789923076	0.366188518305007	-0.175449469429839	-0.149963076878716	0.162906439922717	-1.20952426283678	0.135043190130929	0.774281857148472	0.040715013920579	7.95709760299071	8.96074644545469	0	0	0	0	0	0	0	0	0	0	0	0	0	0	0
ENSRNOG00000049727	0	0	0	-0.0658128144591846	0	0.0463620645046462	0	0	0	0	0	0	0	2.36215125192593	4.75724592628197	0	0	0	0	0	0	0	0	0	0	0	0	0	0	0
ENSRNOG00000050117	0	-0.0347942975662191	0	-0.25794376377949	0	0.337879353987526	0	0	-0.0533541284607205	-0.0680139469965586	0	0	0	7.57795259331593	10.4861267458545	0	0	0	0	0	0	0	0	0	0	0	0	0	0	0
ENSRNOG00000050243	-0.0343597725010158	0	0	-0.0336567087503256	0	0	-0.0420593447939348	0.0974380660065744	0	-0.0680139469965586	0	-0.121906961282348	0.0117135649956287	0.552322562020426	0.841302220600364	0	0	0	0	0	0	0	0	0	0	0	0	0	0	0
ENSRNOG00000050595	0	-0.0716824636468709	0	-0.181771895221656	0	0.169869368750944	0	0	0	0	0	0	0	5.45438344299809	9.0732831649343	0	0	0	0	0	0	0	0	0	0	0	0	0	0	0
ENSRNOG00000050682	0	0	0	-0.0336567087503256	0	0	0	0	0	0	0	0	0	2.54399254065316	5.35868679817892	0	0	0	0	0	0	0	0	0	0	0	0	0	0	0
ENSRNOG00000050859	0.0342190575419127	0.041599169963819	-0.0927342159401848	0	0	-0.0332540817883391	0.0346492860679061	0	0.00829080378561683	0.10637728471194	0	0.071301436663161	-0.0571664285773267	0.4497875272586	0.639583572802417	0	0	0	0	0	0	0	0	0	0	0	0	0	0	0
ENSRNOG00000051074	0	0	0	0	0	0.0463620645046462	0	0	0	0	0	0	0	0.642296134597872	0.671128498535681	0	0	0	0	0	0	0	0	0	0	0	0	0	0	0
ENSRNOG00000051081	0	0	0	0	0	0	0	0	0	0	0	0	0	0.63488714469161	2.61921611872412	0	0	0	0	0	0	0	0	0	0	0	0	0	0	0
ENSRNOG00000051112	0	0	0	-0.0658128144591846	0	0.0463620645046462	0	0	0	0	0	0	0	1.05862231857672	6.43452325946743	0	0	0	0	0	0	0	0	0	0	0	0	0	0	0
ENSRNOG00000051118	0	0	0	-0.25794376377949	0	0.0899234679639988	0	0	0	0	0	0	0	6.32847871977098	9.24712052932936	0	0	0	0	0	0	0	0	0	0	0	0	0	0	0
ENSRNOG00000051164	-0.32964626606864	0.111239009420563	-0.0811228497776764	-0.106630785450374	-0.0978525256428198	-0.131090220955606	-0.181880310046394	0.153789277707697	-0.0986350458582867	-0.284540306673485	0.123869105113901	0.18894968228619	-0.040385636890173	3.87926685555041	6.62000125356609	0	0	0	0	0	0	0	0	0	0	0	0	0	0	0
ENSRNOG00000051227	0	0	0	-0.154482484102446	0	0.0463620645046462	0	0	0	0	0	0	0	5.80622375282672	8.59731911298391	0	0	0	0	0	0	0	0	0	0	0	0	0	0	0
XLOC_048817	-0.838500811898453	-1.23584590555573	-0.685638994135918	-0.784494071369626	-1.21960653830636	-0.836513217980745	-0.976503868313618	-0.80615226664223	-0.865723291427033	-0.698340635649843	-0.82156847518439	-0.528742474479579	-0.663036098565065	-1.128791039322	-0.89944043533059	0	0	0	0	0	0	0	0	0	0	0	0	0	0	0
XLOC_049543	-10.6200832872473	-11.1185650527895	-7.80276707118648	-9.31201234129064	-10.3156702858678	-8.39652665605115	-7.92113045129824	-9.1155627415845	-8.86974419063778	-9.6805001281257	-9.90012364851448	-8.19966864792432	-9.2337289440445	-10.0641182392888	-8.81571327914928	0	0	0	0	0	0	0	0	0	0	0	0	0	0	0
